"ID"	"CE1"	"CE2"	"CE3"	"CE4"	"CE5"	"CE6"	"CE7"	"CE8"	"CE9"	"CE10"
"TCGA.AX.A06J.01A"	0.0237868355152474	0.20078572771985	0.106466174248313	0.0795056522498365	0.133440066026532	0.0853798797824525	0.0656715742227261	0.122018722880424	0.128723537078014	0.0542218302766042
"TCGA.B5.A11P.01B"	0.0461376489256107	0.155275283908175	0.0591036308104776	0.111572657563068	0.153469057107183	0.0956467089201999	0.102341393215927	0.264334283262112	0.0106330084409173	0.00148632784632828
"TCGA.AX.A05T.01A"	0.19480214770646	0.0576749743597414	0.120608064384198	0.0942579346579282	0.114785791259966	0.0510120627102224	0.132299719585361	0.152410180179328	0.046000179185088	0.0361489459717078
"TCGA.BG.A0M8.01A"	0.178489773415721	0.026423656429425	0.11525882237298	0.0418048043812315	0.0104585929855068	0.163131558951343	1.12581312255284e-14	4.62266011311491e-07	0.16238781000718	0.302044519190591
"TCGA.BG.A0LX.01A"	0.224165727527651	0.083063165898064	0.00788149962273388	0.101634242963798	0.0721951931853967	0.117653355388404	0.0181950946755346	0.0772777627267528	0.0986202575934575	0.199313700418209
"TCGA.EY.A5W2.01A"	0.040068046030135	0.125629231371076	0.115904092210505	0.398103258840508	0.0704926316456615	0.0234968999043667	0.0437619669812641	0.0349271623705613	0.124785912972209	0.0228307976737133
"TCGA.AX.A2HA.11A"	0.0731003692519834	0.0550752845224941	0.0524618102459748	0.129111969570694	0.0714374118482147	0.31798411238159	0.00426647899670572	0.0757688006750028	0.0961227288907692	0.124671033616571
"TCGA.D1.A2G0.01A"	0.0282955063239884	0.119941821195503	0.00811383138370142	0.169873949302003	0.0941015578361137	0.00312191476191579	0.101682969164296	0.0750513803839466	0.276666868277861	0.123150201370671
"TCGA.AP.A053.01A"	0.120510553530702	0.200978978638222	0.010725372128473	0.0717341794347793	0.183310402810438	0.0466460185170371	0.163934028911904	0.16232127829171	0.0261307149882238	0.0137084727485107
"TCGA.A5.A0G1.01A"	0.0986707526908258	0.0575878732417322	0.110984858519251	0.0235942705056713	0.0173256967569786	0.00406424264989689	0.0156402012405324	0.0116042729145898	0.39273796559734	0.267789865883182
"TCGA.EO.A3KW.01A"	0.094407596951701	0.0797113958066966	0.192615378363258	0.0506739192687826	0.0833841066933747	0.044747625573877	0.121911449769945	0.0836513830432447	0.185852941595181	0.0630442029339388
"TCGA.BG.A0MI.01A"	0.109449221056474	0.16828330430387	0.157759095174867	0.0581944748907111	0.111829754092849	0.0215510535501741	0.108512470984245	0.0986973503136736	0.142480723080084	0.0232425525530523
"TCGA.AJ.A3NG.01A"	0.117056111353872	0.104104291632768	0.00789698041902594	0.0693757757334524	0.208230595196883	0.0976270084215773	0.192775569044225	0.18871483249458	3.26432868998961e-14	0.0142188357035829
"TCGA.AJ.A3OJ.01A"	0.216317783249804	0.0629451126293824	0.257521559173884	0.0345735644110221	0.0329265846474865	0.0162954957944313	0.139326655565325	0.0243383114674018	0.186525226573002	0.0292297064882603
"TCGA.A5.A2K5.01A"	0.0788031242784967	0.0563701509392472	0.268123037279172	0.0835746417079826	0.151139532580399	0.0243714123987392	0.0153640975851498	0.124765987881509	0.126943521226197	0.0705444941231075
"TCGA.AX.A1C7.01A"	0.101080101269253	0.121556503560483	0.00632104238569847	0.218836365118091	0.199812798675567	0.121896716029604	0.0523773008022318	0.114703118817538	0.0165531389757414	0.0468629143657917
"TCGA.D1.A167.01A"	0.0896356606955512	0.173140878355014	1.72938712233097e-14	0.083068518711378	0.0469471246363237	0.0363215682972233	0.299384366894742	0.206908796035789	0.0483416270229311	0.0162514593510296
"TCGA.B5.A11X.01A"	0.183892125813219	0.0716326857524965	0.0440784571210809	0.0345912768972819	0.122468280390024	0.0687847283080615	0.0339167257742774	0.0787035942282874	0.159885351923093	0.202046773792178
"TCGA.BS.A0V4.01A"	0.0180999529342782	0.1547428191494	0.160951687526523	0.309586669775964	0.133244931796996	0.135377895729152	0.0062962217813377	0.0162945908062901	0.0390332759226054	0.026371954577452
"TCGA.DF.A2L0.01A"	0.0472950288869552	0.0674591691172032	0.250244647232671	0.137759613619291	0.100046747436771	0.046470789386232	0.00315868758499118	0.109406011717531	0.1333912678216	0.104768037196754
"TCGA.BK.A6W3.01A"	0.15485259853535	0.0892272768192312	0.11878389039349	0.0112197461972476	0.0280358533427356	0.0433243297878953	0.145259117885492	0.0769638993283602	0.212012972019775	0.120320315690422
"TCGA.FI.A2EU.01A"	0.0564032895827155	0.135186511013694	0.0138766758338483	0.111048705834934	0.140632049849491	0.0417560321090449	0.159988205032772	0.289615259219822	0.0456677288517996	0.00582554267187848
"TCGA.AX.A3FS.01A"	0.178207299005678	0.147779819411275	0.0653375014450858	0.0830220735912716	0.133179182945635	0.0909256862408433	0.146591980113805	0.0736814163498241	0.0592499248881299	0.0220251160084511
"TCGA.D1.A17R.01A"	0.271760191396552	0.231618337960697	0.064600023057412	0.0616714959067863	0.13785109403401	0.0653818682144275	0.0616152317493837	0.0978930235604714	0.00101370084189832	0.00659503327836263
"TCGA.AJ.A5DW.01A"	0.185039048789711	0.0390747778061672	0.0692477759273725	0.0416883467412615	0.0593881069909539	0.0653226291742837	0.260392768139108	0.139927471773589	0.0959912539168409	0.0439278207407119
"TCGA.EY.A1GH.01A"	0.124137225338353	0.0554418536543636	0.151488460859577	0.0366815699462596	0.0380305091333975	0.0453736707145154	0.284863320577512	0.128505491167335	0.0823456569312415	0.0531322416774459
"TCGA.AJ.A2QL.11A"	0.0164337434425512	0.0212453439721443	0.0313085157949701	0.100348492812811	0.103639042448804	0.326334531162841	0.100642466595892	0.256670882105397	0.00295502314333595	0.0404219585212538
"TCGA.AP.A1DM.01A"	0.255794230807221	0.150339746451478	0.047188829791082	0.127599553480657	0.0654057632900111	0.0274092225293152	0.0504153085160666	0.14541454491704	0.0914387278413257	0.0389940723758034
"TCGA.BG.A0MS.01A"	0.178860274684224	0.186358984543441	0.085348454482396	0.0536199529118475	0.123073038445228	0.0598546165735762	0.0868440741807379	0.0981461329007253	0.0704692794599292	0.0574251918178944
"TCGA.E6.A1LZ.01A"	0.0363810095448337	0.168387578365998	0.0643457251731501	0.238132504731677	0.138437490657482	0.0257769526359843	0.0429641993040207	0.093329556599218	0.141522654428263	0.0507223285593723
"TCGA.B5.A11E.01A"	0.119602853670664	0.160676202855827	0.0218861123111663	0.0412068215409721	0.142451437548178	0.0528465314992783	0.166537294065449	0.174045334241283	0.0789225287274288	0.0418248835397532
"TCGA.FI.A2F9.01A"	0.129204833082487	0.0759942391628469	0.0107210216206106	0.100253508034438	0.208140989523602	0.162360149429691	0.0625801638052768	0.244275745410366	8.55627768785746e-15	0.00646934993067342
"TCGA.BG.A0YV.01A"	0.0851229188586112	0.123598842777239	0.0189288265245391	0.165268460057615	0.179463824193444	0.0501362146008256	0.0929382789356901	0.247054503951943	0.0247690033242937	0.0127191267758001
"TCGA.AP.A1DR.01A"	0.18375447418158	0.313419709661503	0.109469191623595	0.0350542865067782	0.0523336697678414	0.0523952472665383	0.183348649428747	0.0192562954090736	0.0372864908279651	0.0136819853263784
"TCGA.AP.A0LG.01A"	0.148392511680471	0.194453676862319	0.0649087721785071	0.0455045631763866	0.0579361852511066	0.0585024210712104	0.307707541324729	0.0932260208467247	0.0166994226833736	0.0126688849251715
"TCGA.BG.A186.01A"	0.141044479830218	0.0443015541237913	0.0914864553098283	0.104858376896485	0.0847499011427225	0.0740408716349298	0.00911587003068799	0.160940025197384	0.0763266327233413	0.213135833110612
"TCGA.AX.A1CK.01A"	0.0125665647375407	0.067006335352707	0.00327675922625404	0.192622340733406	0.040668587289823	0.0769614198323632	0.00253543987661875	0.559174215280216	0.0110344569837506	0.0341538806873209
"TCGA.AX.A2HC.01A"	0.122482510262786	0.0541630450411521	0.00422105155258395	0.0546887213354197	0.123001168080254	0.0659424259749037	0.283931385139852	0.283142948292947	0.00291746019970934	0.00550928412039242
"TCGA.BG.A18C.01A"	0.0980925258041024	0.173074839575098	0.0394407355393445	0.0586414475228248	0.129184469876086	0.0778095955768569	0.130426832258604	0.144773474010323	0.107341475747632	0.0412146040891285
"TCGA.EY.A2OQ.01A"	0.238015250657279	0.0370384393879039	0.0166319209586499	0.0314839087309728	0.135522737761902	0.0502296188128762	0.231947826989281	0.148282677024088	0.0892214747078067	0.0216261449692406
"TCGA.DF.A2KR.01A"	0.059005255827029	0.139956311682299	0.206605244017595	0.207149039608316	0.046826864554651	0.0106919433490231	0.0996314098661892	0.125980362523944	0.0730326421662525	0.0311209264047008
"TCGA.FI.A3PV.01A"	0.0102655263970729	0.0750018963051734	0.00500556723050713	0.104016284606717	0.183006045524416	0.154663867639681	0.208315043998435	0.239269368925458	0.00916837360296907	0.01128802576957
"TCGA.BK.A0CA.01B"	0.0913836198126839	0.0628540345076062	0.0729401328983094	0.0917835790457282	0.0351819445755211	0.13454293508891	0.136229769502822	0.234971016540916	0.0555700155226221	0.0845429525048818
"TCGA.AJ.A23M.01A"	0.130393034185067	0.099773314901427	0.0223192150179027	0.0942117544945725	0.187628844784821	0.0954345440127468	0.126646806708195	0.146714398799001	0.0243532683842492	0.0725248187120178
"TCGA.A5.A0R7.01A"	0.30247841677897	0.0452495901889327	0.0292007535792862	0.048036569067958	0.0568395580101825	0.145469235722984	1.83909195749256e-14	0.0483326704651529	0.0834192544231792	0.240973951763336
"TCGA.BG.A0W2.01A"	0.187653539706509	0.0267333077136162	0.130388148686328	0.0371488397957662	0.0563103606783016	0.140144472789322	0.122868429774338	0.161542680675328	0.0755614875882394	0.0616487325922528
"TCGA.PG.A5BC.01A"	0.139665781552329	0.0661610643286974	0.0298281445337211	0.089326887029893	0.140438661834931	0.186568777676985	0.151585737649589	0.160108305179999	0.000804401901201081	0.0355122383126548
"TCGA.5B.A90C.01A"	0.161395042802614	0.155175124376109	0.0274425771395463	0.05943443681275	0.083314645548227	0.0167905826748248	0.262895488548297	0.166225231037678	0.0474769116509268	0.0198499594090278
"TCGA.A5.A0GU.01A"	0.159562925764546	0.0497478193111593	0.156984987105451	0.0525699475000452	0.0357657489319122	0.0618033906052131	0.166072243254648	0.0875169043128971	0.131599008677495	0.0983770245366334
"TCGA.A5.A1OF.01A"	0.0506903663512629	0.0467179429962608	0.191086254336579	0.0305549164881452	0.0238346212512838	0.00601837668013137	0.0144469099378365	0.0417593996036954	0.391872268457693	0.203018943897112
"TCGA.AX.A1CE.01A"	0.0244236110534893	0.0608472420338531	0.00372870291574529	0.164970879922363	0.119845620381903	0.0349102977895748	0.180237284894844	0.333560195280573	0.0429791958583275	0.0344969698693285
"TCGA.EY.A215.01A"	0.0222079687245204	0.127316530891043	0.0265182580136086	0.225766020231196	0.072336621523104	0.0239775473862615	0.0807000068815229	0.183778072334967	0.127118164304674	0.110280809709103
"TCGA.EY.A1GT.01A"	0.265871691095006	0.108786675949783	0.040516020726395	0.080683161240596	0.0848910488885554	0.182813908035999	0.0962779576138105	0.117494490850248	0.00354766258212379	0.0191173830174829
"TCGA.AP.A0LI.01A"	0.0918329455589823	0.0625708175933202	0.0691814256457914	0.106383871431808	0.0716572889947807	0.0398658678468476	0.0206269897456283	0.0216902379232529	0.284687969101503	0.231502586158085
"TCGA.B5.A1MW.01A"	0.103183932149341	0.185095391688737	0.0225681541070995	0.0323784071116014	0.0813313782852444	0.0460865214254202	0.316870011714049	0.187300277821326	0.0246627762837025	0.000523149413479533
"TCGA.AX.A0IW.01A"	0.0842185773853336	0.148459082999274	0.0227177696656443	0.164882792390321	0.2288897315142	0.0586317312865458	0.0393943499913326	0.171162565660485	0.0530865358227424	0.0285568632841222
"TCGA.EY.A2ON.01A"	0.0759823005149721	0.132113049089077	0.106723435943075	0.151741369466143	0.157199931908074	0.053988925982551	0.0869594070456743	0.0906183247058767	0.113957879310342	0.0307153760342144
"TCGA.B5.A11G.01A"	0.00553214176270355	0.0323372486893613	3.71703927928627e-14	0.374244752800635	0.129633894097201	0.0153975493362482	0.0657776433008106	0.163778987382804	0.125044290410032	0.088253492220166
"TCGA.QS.A5YR.01A"	0.0529826165010096	0.074495320619179	0.19845405667528	0.0706302369193477	0.0546099876319763	0.0906197276686942	0.0128196705991227	0.0656849076587647	0.14907770393043	0.230625771796196
"TCGA.BS.A0U5.01A"	0.0788902892899313	0.126475644632699	0.013948809293234	0.20019151990878	0.11541233103861	0.0644790616322555	0.0782867176138509	0.260345447772252	0.0187539749101958	0.0432162039081914
"TCGA.SL.A6J9.01A"	0.0546328561314582	0.0501392968072534	0.188161528404505	0.0229537186810246	0.0535301902275822	0.00630900190296486	0.0260504879189091	0.0287520620443031	0.362678421776559	0.206792436105441
"TCGA.EO.A1Y7.01A"	0.0285413718884851	0.0152958589994939	0.00768473275976126	0.153128457357425	0.186512931728481	0.0156930694837271	0.0349157773137959	0.352948397250421	0.167193679618395	0.038085723600015
"TCGA.BS.A0UJ.01A"	0.0847980611860261	0.0363202276239492	0.0824244846746592	0.0542341271281434	0.148302915848442	0.0415395634710847	0.015435555815482	0.1691088804351	0.231608795906278	0.136227387910835
"TCGA.AX.A1C8.01A"	0.0866001363395761	0.0905806730918429	0.00393705229219669	0.265766574293792	0.281881942907091	0.0348459014537853	0.0220162861881749	0.180668599071289	0.0137889284949961	0.0199139058672573
"TCGA.DF.A2KY.01A"	0.0870731311030946	0.0699536202530969	0.191314689240879	0.0360421912802894	0.188936695422732	0.0419342703355882	0.0457226535866414	0.0608142488276398	0.260766381144511	0.0174421188055283
"TCGA.B5.A11L.01B"	0.185045661674014	0.213899325561884	0.204274039232766	0.014515361376638	0.0151022634857809	0.125151470622605	1.28586428428039e-14	0.00296576558658437	0.0916148052207043	0.14743130723901
"TCGA.EO.A1Y8.01A"	0.157826891598839	0.154163027544724	0.0178240670441784	0.0857161617883896	0.177598627076476	0.0398188089047546	0.0661148738026852	0.239274318380783	0.0469396613902634	0.0147235624689072
"TCGA.FI.A2F4.01A"	0.0492614854844345	0.032227368109664	0.128599263920017	0.0361517666921726	0.0529426794152074	0.0101663733063843	0.130387852249623	0.126581751693877	0.315153941128805	0.118527517999815
"TCGA.AJ.A2QL.01A"	0.094199360773327	0.0451731534417329	0.155061112664739	0.0396723974007219	0.0419139852651719	0.0727641371921352	0.130030904570525	0.116050397492304	0.19594961618794	0.109184935011403
"TCGA.BS.A0VI.01A"	0.393478064806078	0.158511797075696	0.0326472383255717	0.0728613470481502	0.1461933515728	0.1038731529738	0.01363008971354	0.0581334823123401	3.03335217481044e-14	0.0206714761719944
"TCGA.FL.A1YL.11A"	0.170103183852973	0.00432858483911768	0.00375425536731671	0.0139138981080452	0.0781611846443637	0.504086459846397	0.112324383075679	0.0695926884400916	0.00916143629341223	0.034573925532604
"TCGA.AP.A0LF.01A"	0.0668462773121164	0.0855047857331244	0.0645691181431592	0.121300634754829	0.0283797214332244	0.0108815085780535	0.00136963879770859	0.058115353531905	0.290062960453522	0.272970001262357
"TCGA.EY.A549.01A"	0.0163042267018427	0.122383903403102	0.0713891554101142	0.0940737851873945	0.122306915752652	0.0588624157955761	0.139037182040075	0.22635746696397	0.0662684572508331	0.0830164914944405
"TCGA.B5.A11U.01A"	0.376397033914991	0.0203826500536591	0.0941762564137539	0.0272072666587521	0.0822548638114625	0.235939482375269	0.0576632867155714	0.0492106142895243	0.0421268239192879	0.0146417218477288
"TCGA.B5.A11W.01A"	0.102182871972807	0.0886037474607321	0.0992739246681786	0.0708888171944966	0.145413651155003	0.236290325222669	0.00755187480489483	0.205497176117812	0.0015559554433975	0.0427416559600094
"TCGA.B5.A0JS.01A"	0.165147652986555	0.0978351911878121	0.130663955557226	0.0375837889987982	0.027856911076861	0.0877916093709727	0.015716081854517	0.0347132449121057	0.23735065648781	0.165340907567343
"TCGA.AX.A06B.01A"	0.185428000452503	0.081368620926474	0.0358693755171097	0.0787620440448733	0.101663303129823	0.149794851614775	0.0819795730678144	0.0657198744534247	0.108588694975837	0.110825661817365
"TCGA.B5.A0JY.01A"	0.29305118935175	0.0664096392096392	0.0912622558643736	0.0396532449270028	0.07574816442578	0.0690074142285917	0.127120330019346	0.0948461409209609	0.0766480596216961	0.0662535614308603
"TCGA.D1.A3JP.01A"	0.113886082900965	0.117226743964476	0.122141913043442	0.143293109676485	0.0565481879286457	0.054675726129518	0.0643156034960298	0.0483313840498695	0.0869587392301003	0.192622509580469
"TCGA.D1.A16V.01A"	0.0637347195243528	0.114405306299045	0.0530428644971498	0.0961452571826434	0.0387618064406277	0.049730885813687	0.0806480188660116	0.116653468178252	0.215737275951406	0.171140397246825
"TCGA.DF.A2KV.01A"	0.0585081871798535	0.070601712390648	0.36726690950633	0.0822032428038724	0.0164097815156458	0.0244278126618381	0.0241781810130269	0.0494886700690556	0.233234891390077	0.0736806114696534
"TCGA.EY.A1GS.01A"	0.0273747629177234	0.111815676216192	0.0415493217136407	0.246703609856089	0.165022664537642	0.0458251723896861	0.0579053148032347	0.172086763059346	0.0590945720302607	0.0726221424761853
"TCGA.AP.A1E0.01A"	0.267702088114099	0.0896179563762523	0.0475631270755062	0.0339715198742158	0.0485886721457513	0.108586268826022	0.183218636124392	0.101250989517452	0.0830473818785576	0.0364533600677523
"TCGA.BS.A0UT.01A"	0.233078288563259	0.218302003029956	0.0202691213295743	0.117251356958842	0.13199200394691	0.0969785319767494	0.00725033062723383	0.168465717810351	0.000267757394776392	0.00614488836234938
"TCGA.A5.A0GI.01A"	0.0772054608288418	0.098854412338048	0.0269098446602594	0.145813679379106	0.181091395352772	0.0235792865036048	0.0339863155281484	0.232534259245273	0.0484920478914948	0.131533298272452
"TCGA.BG.A0VX.01A"	0.194547450232157	0.121435489155568	0.124104739619273	0.0344621047893116	0.0864992962325506	0.056909161974927	0.0381805626720146	0.0262409202356112	0.199854819500178	0.117765455588409
"TCGA.A5.A1OG.01A"	0.0295866160443262	0.101570333773513	0.0586151733271074	0.124005927215738	0.135400230349868	0.0215031698614744	0.0382721684428274	0.168333102422523	0.223064111313101	0.0996491672495222
"TCGA.D1.A0ZQ.01A"	0.191132938533618	0.0150069706404342	0.0538214185957085	0.0688095406543856	0.0441644549424162	0.439325098416959	0.0409450093049089	0.119502642733792	0.00166949121082684	0.0256224349669502
"TCGA.D1.A174.01A"	0.124053597622257	0.020820021163427	0.0294419616301504	0.0550523464554567	0.0433340440214006	0.05693514148639	1.14019209498444e-14	0.02695478958171	0.199713431877322	0.443694666161874
"TCGA.EY.A1GK.01A"	0.0960090999532069	0.0119182610473839	0.0518309209979229	0.0571736580413748	0.0409227385173023	0.105740762663409	0.0536236095533344	0.123469264863107	0.184428317130193	0.274883367232765
"TCGA.EY.A1GX.01A"	0.00423886098709754	0.0286306082653872	0.0415232593634148	0.0525170128760558	0.0415573462299651	0.145408241050234	0.22349015891788	0.437401812719005	2.68763067101272e-14	0.0252326995909339
"TCGA.FI.A2EW.01A"	0.0149451124903969	0.10472404400539	0.0180400786029102	0.331358775493477	0.184506417595655	0.0517350976313518	1.05130601128008e-14	0.228901338599644	0.026142775720286	0.0396463598608789
"TCGA.D1.A17H.01A"	0.295166894246049	0.152691550489573	0.0248355931542954	0.046157848540147	0.031021757917059	0.216358656400289	0.0112695387747336	0.0102017587014513	0.160698323589519	0.0515980781868835
"TCGA.FL.A3WE.11A"	0.178296081176736	0.000662270272335244	9.6642865523474e-15	0.0495060114262527	0.0883795318931932	0.435136901991598	0.0721714953440037	0.133694231860242	0.0282286887863861	0.0139247872492435
"TCGA.B5.A0K1.01A"	0.0512417813472299	0.13899845369698	0.0600989640129121	0.150612256105888	0.132350638651855	0.0535085094088252	0.131292857353445	0.265103015618328	0.00451342594801567	0.0122800978565201
"TCGA.B5.A11N.01A"	0.0672731982842327	0.0163623152888069	0.134431532656513	0.00920099557876406	0.0375799320554628	0.0773986416226944	1.66079532962861e-11	1.3327513239876e-14	0.322245271382729	0.335508113114176
"TCGA.AP.A0LJ.01A"	0.0826366362537668	0.115685950132369	0.0836461861460868	0.0990601893161915	0.159717611331685	0.0833475377262564	0.00170622068518229	0.112665781084175	0.138074807529883	0.123459079794405
"TCGA.A5.A0GE.01A"	0.203250299318506	0.0591503478339604	0.00623609876071355	0.0627604579499046	0.118104887803361	0.218974401931462	0.0372674896354352	0.110956353271417	0.057835227026504	0.125464436468735
"TCGA.D1.A2G7.01A"	0.0671207329298795	0.115391494971596	0.00185047162505059	0.155940663760936	0.155220043931448	0.176050092260516	0.0825350049086463	0.222698548969325	0.0177988739939569	0.00539407264864738
"TCGA.AJ.A3NE.11A"	0.183468535538152	0.0322997445538081	0.115343617618642	0.0141339466768886	0.0448471947940704	0.414769137035596	0.0823351880489239	0.025241773342311	0.0437478521873722	0.0438130102042358
"TCGA.B5.A121.01A"	0.0806476692309355	0.0536023743912422	0.00118632983928619	0.0789749142632203	0.0714957004587349	0.149698519508151	0.242664491871662	0.198068149338743	0.0573049346900968	0.0663569164079275
"TCGA.BG.A0M0.01A"	0.0278372886642464	0.0603453610353221	0.00396633158626599	0.196135667999259	0.126684744154595	0.0764745253714396	0.0513651689542768	0.433474233696742	0.00196791550154517	0.021748763036308
"TCGA.A5.A0R9.01A"	0.246320644813181	0.032627188788128	0.181370587035792	0.0498808282973439	0.0631812616744663	0.0966476805112938	0.0309437955047277	0.106334110924281	0.111196747448195	0.0814971550025906
"TCGA.BK.A6W4.01A"	0.119405858914422	0.0956999281124279	0.053457791722529	0.0120396177851223	0.0371943214957872	0.4189022657629	0.138353038959223	0.0667970177055486	0.0086340000141144	0.0495161595279259
"TCGA.A5.A0GH.01A"	0.097649833450781	0.144790051221256	0.0132174879823427	0.143155760213061	0.195539364202261	0.0370601172800303	0.169981439469967	0.174460834081064	0.0118005952459595	0.0123445168532774
"TCGA.A5.A2K2.01A"	0.0597655521876981	0.167567285680583	0.0149689748637314	0.133368357436197	0.115165338014945	0.0291996726275754	0.203379265862237	0.186693612888871	0.0576987575069203	0.0321931829312422
"TCGA.AX.A0IZ.11A"	0.137606321574587	0.00536894169229496	0.0295729328008361	0.105181923230635	0.0227316782130464	0.5792205332641	0.0701069412263249	0.0292472104375867	0.00151440189869531	0.0194491156618942
"TCGA.BK.A13B.01A"	0.102707479622837	0.164699599735519	0.2690435212601	0.0622528947373327	0.0443107070257944	0.0848472267841786	0.109326205174083	0.0520410393683344	0.0613321969944442	0.0494391292973768
"TCGA.AP.A05N.01A"	0.328462609676226	0.150358093867965	0.0338846788496349	0.0724181745902341	0.137054671621682	0.0833066654166691	0.0696502153770446	0.116941565895333	1.82726250885164e-14	0.00792332470519255
"TCGA.A5.A0G5.01A"	0.128376659915885	0.011659920701604	0.175491833683552	0.0137898178014892	0.0317481973073286	0.0163260965493937	0.00637493308485389	0.0107776985709088	0.364243990401196	0.241210851983789
"TCGA.BK.A139.01A"	0.106563069831489	0.0760307537324034	0.175957699692091	0.0850263491511303	0.0652845558815001	0.0317567509787018	0.0809925236075026	0.102625517546317	0.143507679577864	0.132255100001001
"TCGA.AX.A3FV.01A"	0.0288876554834147	0.108013201816973	0.0201929400794763	0.101554356374942	0.264423771782874	0.0756515989169012	0.0961081662376601	0.184148722044416	0.0369260690726585	0.0840935181906843
"TCGA.PG.A6IB.01A"	0.0984384077848374	0.0480324113833392	0.160976440221063	0.0900132601238651	0.125071071971683	0.0296593583280733	0.0356320429091994	0.0436873107008504	0.229296108324226	0.139193588252863
"TCGA.AJ.A3BD.01A"	0.029607083488741	0.0695314115352794	0.0893790419056564	0.150345089614794	0.141563058365232	0.0386884822605823	0.0620362356323228	0.0944557739971137	0.216669129449191	0.107724693751088
"TCGA.D1.A16J.01A"	0.0519862309804664	0.12474587142788	0.0612920355385692	0.0857515372857097	0.0858133084001823	0.0166228261781152	0.00967643183840938	0.0754180020733914	0.180984159476608	0.307709596800668
"TCGA.EO.A3AS.01A"	0.269942131944954	0.154351784559465	0.0474072005852915	0.0499749298847987	0.0849948996397758	0.0457947357549881	0.115310947545056	0.115711915419511	0.0620558602532129	0.0544555944129478
"TCGA.EY.A1GE.01A"	0.062992955908955	0.0414355483160205	0.136617047610905	0.0826158451259051	0.0438761451779724	0.211738270321814	0.0554043485338212	0.13794764059197	0.0542058160086318	0.173166382404006
"TCGA.A5.A0R6.01A"	0.19147284213113	0.0964011186709953	0.00634224075788931	0.126016082422735	0.130306080530966	0.191041342558405	0.0126049558285034	0.0970665382929893	0.0473957368592861	0.101353061947101
"TCGA.BG.A3PP.11A"	0.135134099358146	0.016868995167381	0.00785418533835163	0.0397341377403392	0.126820237829882	0.446185522225225	0.0848002513671813	0.137243848538395	8.8965415110208e-15	0.00535872243508988
"TCGA.EO.A3AU.01A"	0.199515778532085	0.195733356018651	0.0767036556711746	0.0490044342194721	0.064845584909961	0.0257209816491283	0.1199288006549	0.0317157103468405	0.130234391562104	0.106597306435683
"TCGA.EC.A1NJ.01A"	0.163083967383657	0.0280016826325048	0.0257594053002319	0.0244702653083022	0.0628845588954627	0.141812509641638	0.0362388719228517	0.0685536371909537	0.184395228773657	0.26479987295074
"TCGA.AX.A0J0.01A"	0.143650909424266	0.0810578057505618	0.0689034025801754	0.0231564951602288	0.0840670875077094	0.0402997125967122	0.251298279749136	0.18354271337993	0.0973886206202024	0.0266349732310778
"TCGA.AJ.A3QS.01A"	0.113984939505038	0.0254825174492212	0.0759928148664493	0.0602044229287602	0.0545216644665581	0.043222977965104	0.149332680953496	0.078286014537805	0.198779196568978	0.20019277075859
"TCGA.D1.A17D.01A"	0.0560359302059401	0.0447094814839497	0.301627543707607	0.115430556596919	0.0814136126127317	0.0249883799231116	0.0207047647403688	0.117175877309113	0.13024794782347	0.107665905596789
"TCGA.B5.A3FC.01A"	0.0868004645444196	0.0260979451914102	0.14549520533666	0.0758640826217164	0.0458238476000578	0.0931402774095928	0.0537721601440581	0.0636896408270874	0.227428541060506	0.181887835264492
"TCGA.FI.A2D2.01A"	0.194572188497475	0.147383483201948	0.140548973265105	0.138110225433603	0.0632085919485417	0.0722361413763023	0.113580758172	0.0769762263435062	0.0276230071909544	0.0257604045705643
"TCGA.A5.A0GX.01A"	0.173365468057395	0.062399543823876	0.0486375432206453	0.120781144338044	0.156536388391385	0.215014773354052	0.00590340308765955	0.062639359569679	0.0524788746325131	0.10224350152475
"TCGA.BG.A0M7.01A"	0.151965000207876	0.104252892837589	0.21756698025833	0.0374447420694558	0.02323937924078	0.0333421814402149	0.0189046813941861	0.0662671393468904	0.192098321132345	0.154918682072332
"TCGA.BG.A0VW.01A"	0.023798956476215	0.135188177596726	0.100181018041508	0.0760692101379062	0.0843104568251797	0.124990221720315	7.40515367458216e-14	0.121843184178025	0.177445091984642	0.156173683039409
"TCGA.AX.A2HF.01A"	0.0661328107062161	0.104252051791825	0.0723654699360333	0.0888522200445508	0.212303814847684	0.0353902461753903	0.1257325436293	0.180659098108372	0.0664538166473527	0.0478579281132762
"TCGA.AX.A0IU.01A"	0.0310054226914019	0.096956249541662	5.41475615023137e-06	0.230114542700241	0.228861832012792	0.0713678314911716	0.0424676064634022	0.214887308985287	0.0269416393967533	0.0573921519611393
"TCGA.A5.A0R8.01A"	0.0493469905756972	0.134475885499669	0.144908034031326	0.0944598688808268	0.0303278336389405	0.104848232408382	1.76087462646536e-14	0.0833222030374771	0.138975924935889	0.219335026991775
"TCGA.DI.A2QU.01A"	0.0135221892249974	0.0565475905956882	0.0405114574680708	0.226928511490631	0.206262704695807	0.085836839621802	0.00718318244013979	0.347567490947837	0.00600956672291872	0.00963046679210762
"TCGA.D1.A15W.01A"	0.162585833184301	0.162479042060766	0.185655602404904	0.0287666205097767	0.00484328934132692	0.1191749284752	0.0855678146672864	0.0553031647946995	0.0956521778957604	0.0999715266659793
"TCGA.B5.A0JN.01A"	0.0513790238170958	0.119747333186658	0.00462391015333423	0.136014748969007	0.193847012410176	0.0419938544220849	0.216283086752995	0.203492580256735	0.0243390299525098	0.00827942007940428
"TCGA.B5.A11O.01A"	0.236931598140683	0.0864689832222717	0.147614905066	0.0293819665639898	0.0652436865974297	0.146433355780492	0.0250930740721874	0.0353937493666757	0.0936542956829588	0.133784385507311
"TCGA.EY.A548.01A"	0.0556938799349988	0.0096904276800739	0.145985571608252	0.0474685482362711	0.0616410543255754	0.0840404828246972	0.16549362045134	0.171805922775041	0.18460402927442	0.0735764628893304
"TCGA.B5.A11S.01A"	0.193779671154222	0.0485761839874226	0.121736225453236	0.035300797213008	0.0400581701804896	0.114760669049374	0.220886001779491	0.123298401275405	0.0559081029375438	0.0456957769698068
"TCGA.AX.A1CP.01A"	0.136215058102461	0.068331213521492	0.0817359805989219	0.0645367322485822	0.138997383749677	0.155177533214331	0.11697829227319	0.15134593504982	0.0325539837609228	0.054127887480602
"TCGA.BK.A0CC.01A"	0.161590288810472	0.176495116949017	0.115700152028878	0.12621824003047	0.106913809124108	0.0574207964221496	0.0755891669843466	0.156438076693696	0.00918820434720577	0.0144461486096566
"TCGA.DI.A1BU.01A"	0.0739371264073439	0.0705054968045541	0.0253345957639783	0.244873193196483	0.0705735260710209	0.0320988994960446	0.127203279168786	0.140197885152883	0.150066126087418	0.0652098718514883
"TCGA.AP.A1DP.01A"	0.0134108560008673	0.145820016177098	0.0469854155678078	0.320886956993419	0.123879813205983	0.050519535166778	0.00897954017579457	0.20005167192065	0.0116236063547783	0.0778425884368234
"TCGA.AX.A06F.01A"	0.105503329913828	0.0612818181607035	0.179442971807039	0.128234504440267	0.0979307161189695	0.0142845630690926	0.0293365903430924	0.0995944101393484	0.205927515690807	0.0784635803168519
"TCGA.B5.A3FH.01A"	0.0615794755500092	0.177487967397039	0.153576411730356	0.0195533257855124	0.0759117862966231	0.0905708858227377	0.118386974984351	0.192702992350911	0.0663165016544454	0.0439136784280159
"TCGA.QF.A5YT.01A"	0.224569075980317	0.201007856609061	0.0166541933334806	0.0294058914224709	0.188832984564819	0.0588056534624975	0.118954220684117	0.141750347943671	0.0168371336629665	0.00318264233659874
"TCGA.B5.A1N2.01A"	0.0869981255180985	0.0610487378760846	0.0302110476674125	0.141613903212448	0.159467595471923	0.171559480588203	0.0797526076974577	0.151437575099843	0.0425398564101818	0.0753710704583489
"TCGA.BK.A0CB.11A"	0.1461521329527	0.022465042950937	0.0393237351242886	0.103747114095582	0.0687809535067851	0.494937616509104	0.0156759059362882	0.0598657491630142	0.0020099278632258	0.0470418218980754
"TCGA.EY.A1GD.01A"	0.192467088605632	0.133847275969102	0.0638070395705106	0.0278920805088125	0.0561109625061733	0.0945497867574175	0.230763125065984	0.134297165592631	0.0582245553674983	0.00804092005623954
"TCGA.AX.A2H8.01A"	0.0746354175679965	0.0934771154817785	0.13823462219611	0.159300048405269	0.114128108071387	0.037458316129416	0.0910398033211402	0.169424943589283	0.0671761040236804	0.0551255212139384
"TCGA.BG.A0VT.01A"	0.26271262442292	0.0535296558374183	0.0218174342515093	0.0566103417982796	0.174114767767949	0.240747282056891	0.00784695283474574	0.13446371652667	0.0183465675875461	0.0298106569160717
"TCGA.AX.A2H7.01A"	0.0260628131615734	0.113010607838108	0.0271337499969305	0.203745647439173	0.159342373744567	0.0555483104594527	0.0252311904913112	0.347476330773186	0.0113819226882666	0.0310670534074313
"TCGA.A5.A0VP.01A"	0.129099118058969	0.170365355689962	0.0522078945049809	0.0506365534503975	0.036806847657732	0.0738185734198345	0.104513251707945	0.209882723257573	0.0815540028370002	0.0911156794156058
"TCGA.AJ.A3NC.11A"	0.165772392329468	0.0118364020123595	0.0522381608582695	0.0255053691736351	0.0415144466480052	0.5888985028885	0.0437950114130739	0.0330020586794017	0.00442553705648014	0.0330121189408063
"TCGA.D1.A17Q.01A"	0.138541309884285	0.169541157050105	0.00122614010971306	0.110222902300329	0.116075459296647	0.0630288357207276	0.115747844705993	0.257579805463738	0.00320197288240192	0.0248345725860603
"TCGA.DI.A2QY.01A"	0.0545807117440483	0.0750447477121392	0.00680896414908184	0.157967371827284	0.215815093186232	0.132313141835167	0.045289042015404	0.306682672173868	0.00449374074073009	0.00100451461604594
"TCGA.AP.A1DO.01A"	0.0214739049462183	0.13775999378691	0.0417797875075583	0.0980319689588088	0.237936838993831	0.0161020256849673	0.112589560482399	0.23296064532019	0.0872959516054295	0.0140693227136881
"TCGA.BG.A0LW.01A"	0.198790763992142	0.0554995658536376	0.0404607518440326	0.0693758439749758	0.135712809656813	0.0553400420507701	0.114859693353394	0.186928693562697	0.104960377818996	0.0380714578925423
"TCGA.D1.A161.01A"	0.024679023212072	0.0333616934437445	0.00924347318759436	0.070057734802116	0.0815280730648179	0.151693603732524	0.0977655465033126	0.272424387961668	0.102487688012898	0.156758776079252
"TCGA.DF.A2KN.01A"	0.14060098467091	0.0642165852240679	0.188572944725561	0.087118548223158	0.0168106959077398	0.037196122743173	0.0736291785023226	0.0231810644185075	0.189644891844932	0.179028983739628
"TCGA.B5.A1MV.01A"	0.174223759262696	0.132879207996062	0.171590841240827	0.0271425781172135	0.0714024952458133	0.091238471496117	0.133828229513933	0.0879127978190609	0.0467279607180504	0.0630536585902274
"TCGA.D1.A2G5.01A"	0.0328394570096636	0.126005079106412	0.0257494955381333	0.120551201919943	0.119081591947074	0.0598304527465112	0.170299484635188	0.315003722252965	0.00626128010720334	0.0243782347369075
"TCGA.D1.A165.01A"	0.140346032651364	0.155591111473212	0.0356475870608185	0.0793807289163167	0.0800495724133811	0.167292651622642	0.12765990618105	0.196507136742641	0.000783966831047601	0.0167413061075261
"TCGA.EY.A212.01A"	0.0631781276675376	0.179965290870226	0.00897405854042823	0.151168301409785	0.141791324865712	0.0562576574413536	0.114317315390411	0.21718654702846	0.0363629224409616	0.030798454345126
"TCGA.AJ.A5DV.01A"	0.0514029352770221	0.0800673584118297	0.284356409038127	0.0259392150998041	0.0145139506569352	0.0384668484112564	0.172607031018586	0.105239406484501	0.131859591128604	0.0955472544733329
"TCGA.EY.A1GP.01A"	0.189372677827362	0.0606691167583028	0.0374199819379507	0.0423089115298343	0.205020437261477	0.115472530751654	0.0946364018192131	0.102812854869511	0.0684849019781814	0.0838021852665143
"TCGA.BG.A0W1.01A"	0.0102284902278773	0.0430557526146034	0.0230026033152582	0.190326332827533	0.187789949536302	0.052792993166574	0.046337593529366	0.367312104630125	0.0424343922674919	0.0367197878848684
"TCGA.BG.A2AD.01A"	0.1816986153909	0.135340761963146	0.00608623068429849	0.0631596665361637	0.110223855157086	0.0536305751672511	0.234316621197111	0.203975905702896	0.00355211687372758	0.00801565132741941
"TCGA.FL.A1YF.11A"	0.236157410007019	0.0281537847082419	0.0569264195782709	0.017865961842607	0.0276930856865451	0.303969960461258	0.0327422707314292	0.0174889497811012	0.0941953868318383	0.18480677037169
"TCGA.BG.A3PP.01A"	0.24982730182338	0.0803050749991006	0.0230109020460662	0.048193564118611	0.144338126132771	0.0888564264304806	0.201741006943329	0.143607227746939	0.0175382188706103	0.00258215088871215
"TCGA.AP.A0LT.01A"	0.0302328069306605	0.209553382086504	0.0923331739543509	0.090292046369736	0.143819069962757	0.00585489429338922	0.187200227079874	0.144778886159869	0.0724812326981092	0.0234542804647501
"TCGA.BG.A0RY.01A"	0.117677410506625	0.216165774398171	0.192842884486647	0.0880650523348837	0.0723746387349414	0.0245898445544286	0.0607432171619029	0.0597911968364821	0.0821787295767713	0.0855712514091475
"TCGA.BS.A0TE.01A"	0.0449249140369656	0.161805108446509	0.0370588597924028	0.142373487684244	0.311561218088039	0.00346302483136968	0.0766678970012589	0.106916495369173	0.086883219415249	0.02834577533479
"TCGA.BS.A0V7.01A"	0.143135966438542	0.0139447798428554	0.0799527178922983	0.0813243938543259	0.0378797686170941	0.209711323263497	1.24733641634898e-07	0.0873011223284576	0.0800510800242386	0.266698723005049
"TCGA.BK.A56F.01A"	0.156274087909335	0.0587885994442837	0.109239581861239	0.0459593361904907	0.083081791270633	0.143208986941412	0.140748275215361	0.144938100307394	0.0457895606478982	0.0719716802119531
"TCGA.BK.A26L.01A"	0.16852625689057	0.107842943909649	0.109975425671157	0.139863494591464	0.146992199497966	0.0743093930280336	0.0852184000955856	0.109019362770939	0.0191635893161943	0.0390889342284412
"TCGA.SL.A6JA.01A"	0.00144564880128507	0.242054147827887	0.0317456140267427	0.196847117454275	0.135597806818289	0.0203619245886443	0.132590961267432	0.215228909077562	0.00670136134793318	0.0174265087899493
"TCGA.D1.A17A.01A"	0.152671405277574	0.193885384803796	0.0893870682096397	0.0908075812030253	0.0600793716062099	0.274800551181232	0.0127338061879866	0.0484433798432127	0.0380376942185851	0.0391537574687378
"TCGA.BK.A4ZD.01A"	0.141817355779077	0.0524273035486628	1.82373875610146e-14	0.0595121237546593	0.109406836507943	0.0464778137602955	0.304233466932249	0.27563404082966	0.00544994434406071	0.00504111454337505
"TCGA.BK.A139.01C"	0.0519789627161261	0.129517782957492	0.077071014196009	0.22397032564884	0.134677529854559	0.0736018727889447	0.0490340198258049	0.151518543650229	0.0399308880296	0.0686990603323955
"TCGA.AX.A05Y.01A"	0.0736691548676055	0.0656732731196991	0.0281359379317833	0.141009240870787	0.286596807269756	0.0515282842786349	0.0878059403150522	0.237674146051729	0.0209918145167566	0.00691540077819703
"TCGA.A5.A2K7.01A"	0.195927882000277	0.15963809008039	0.218272245667069	0.0837656709105774	0.0681221569505625	0.0388567203503506	0.0984927487534632	0.0692478226998203	0.061887401237637	0.00578926134985248
"TCGA.D1.A0ZP.01A"	0.167922437217589	0.125473176592999	0.0163468996408925	0.114499784698759	0.152414764532193	0.0550907705838285	0.157090708755692	0.150343407532978	0.0168515351080637	0.0439665153370041
"TCGA.AJ.A3BF.01A"	0.105604110205586	0.146478179726405	0.00529498108381829	0.0919749307218586	0.174648495133933	0.0424327935112609	0.18674129547814	0.12809298797205	0.0440906854308398	0.074641540736108
"TCGA.BS.A0UF.01A"	0.110093791041255	0.0365108436617006	0.102798559139266	0.0412773816855363	0.0719535962066063	0.0285268461082873	0.0519163953233564	0.124421954691346	0.219219382611888	0.213281249530759
"TCGA.BS.A0U9.01B"	0.0468282356942984	0.205851933723212	0.0374558637151279	0.127820493399564	0.200198394141881	0.08180216354344	0.0676683847499149	0.178840128564505	0.0400374335894744	0.0134969688785822
"TCGA.AP.A05A.01A"	0.102506062652723	0.220622169034282	0.0170854249811184	0.147490354115131	0.2516731291383	0.0359758054324623	0.0030964162585859	0.122311315079938	0.00603187774777956	0.0932074455596808
"TCGA.EO.A3B0.01A"	0.158171351494033	0.0366781110387244	0.101010232150432	0.101713537908197	0.0548500325505168	0.059402683178225	0.141536540662236	0.10730228062347	0.129966265480521	0.109368964913644
"TCGA.D1.A175.01A"	0.153998561987334	0.0493412175309772	0.00312531366796711	0.0369901989695931	0.0252143454546412	0.110466218291424	0.322946263459735	0.220462846006674	0.0393849205353093	0.0380701140963461
"TCGA.AX.A3G4.01A"	0.266553148054143	0.0490623509509984	0.00487544588449632	0.0789492330447793	0.108368989728589	0.267740253381476	0.0345439479711596	0.172528063815756	0.000833813295273979	0.0165447538733279
"TCGA.BS.A0TA.01A"	0.0853137962669234	0.0426101342090294	0.116979880582351	0.0358718721136411	0.0181322484820788	0.0119281234013583	0.0162645899211737	0.0103027924074056	0.404133120144967	0.258463442471072
"TCGA.B5.A0K3.01A"	0.0653207007544625	0.173155515703362	0.110565653098027	0.102954559362278	0.192389893227611	0.0332794075817375	0.11124264208843	0.120498185163099	0.0767800700869162	0.0138133729340758
"TCGA.B5.A3S1.01A"	0.131655882640965	0.134292022005597	0.122586005039752	0.0715013024925258	0.110903603937	0.0502219916492951	0.153182278231937	0.0838601534127837	0.0926707891966511	0.0491259713934928
"TCGA.FL.A1YT.11A"	0.191279962236321	0.000444191181215436	0.00352171223782289	0.024394194854971	0.0745413301601467	0.49738890255581	0.082901226420829	0.0820423727799199	0.0099969716864703	0.0334891358864938
"TCGA.KJ.A3U4.01A"	0.0804944021109277	0.0724537118203248	0.0901819829961481	0.0507636473701383	0.0431705868555443	0.0215663115182805	0.148221614457164	0.166035023387295	0.191508993653403	0.135603725830774
"TCGA.EO.A3B1.01A"	0.210296178583905	0.067003608958295	0.139119184125336	0.0382008390584538	0.0135501545714962	0.0670360965561992	0.104568752931956	0.0598588271161958	0.131900443206522	0.168465914891642
