"ID"	"CE1"	"CE2"	"CE3"	"CE4"	"CE5"	"CE6"	"CE7"	"CE8"	"CE9"	"CE10"
"TCGA.EJ.5505.01A"	0.0868840194002769	0.0343189247697764	0.0277493970040508	0.0764683611924533	0.0936957546506248	0.0773934125700293	0.373441177702345	0.186502750545118	0.0168115331550563	0.0267346690102692
"TCGA.ZG.A9L6.01A"	0.180338262386934	0.0573108426562747	0.104533643221182	0.0310233962943538	0.112356980755813	0.352732798073368	0.000759710049805765	0.0450770513153571	0.0470425221700798	0.0688247930768316
"TCGA.HC.A8D0.01A"	0.176481727441521	0.123222934121318	0.0637673695243502	0.0234364274842267	0.081430191168466	0.143461174970191	0.00236632109383555	0.066046104582656	0.115610952436609	0.204176797176827
"TCGA.VN.A88I.01A"	0.168617245685699	0.0816821057296528	0.0530025607605411	0.172598617305167	0.0889721357574083	0.222113273311698	0.000268309012984971	0.0410995417285227	0.0522178499961681	0.119428360712158
"TCGA.KK.A8IA.01A"	0.0427500872397946	0.139860069850887	2.16966249053053e-14	0.0115282068350094	0.09308116854774	0.03024162408614	0.186617188519797	0.428165278473567	0.0551106364204744	0.0126457400265691
"TCGA.KC.A7FA.01A"	0.0733598615017505	0.0339315681000098	0.084576811567436	0.0400846442028616	0.25717557330494	0.187360329425446	0.00944246838921685	0.206923860966042	0.0605150104481032	0.0466298720941949
"TCGA.KK.A6E1.01A"	0.0579006935708745	0.176685644357518	0.0594252554227734	0.025154831093861	0.050648293610884	0.00667501799483629	0.218222004685679	0.267477442798877	0.118540983935539	0.0192698325291581
"TCGA.H9.7775.01A"	0.213179513307483	0.0585077393326252	0.0242248882636736	0.0455525366538553	0.0984677519183891	0.173151428681852	0.209355312107432	0.165503555972317	0.0102728892424484	0.00178438451992436
"TCGA.HC.8262.01A"	0.025014995049111	0.211088614749128	0.00285472008133026	0.019710664539746	0.277035688089856	0.0155255918409572	0.122970056112826	0.272703164331083	0.0310976928058552	0.0219988124001075
"TCGA.EJ.7797.01A"	0.107320492391611	0.152467839862975	0.0521985134789529	0.0125154839149376	0.0912084444672596	0.0950894700188287	0.185936624790587	0.13636817444245	0.0895398204071486	0.0773551362252498
"TCGA.HC.7738.01A"	0.0422998148946215	0.118315201330067	0.073201305582904	0.0428425295948656	0.110386273012303	0.05243053652232	0.217859467053883	0.281249695130321	0.0363832243175113	0.0250319525612036
"TCGA.EJ.7312.01B"	0.0378487444018672	0.122761816127648	0.0322691225241598	0.188414947479752	0.165145092421221	0.121964648586489	0.152984316233338	0.15788973171257	0.00664855478660341	0.0140730257263501
"TCGA.V1.A8MG.01A"	0.120465637461964	0.0638310548935371	0.0189222016809212	0.0728218209506081	0.128190543276779	0.120793527079139	0.0295551884173193	0.229525784485017	0.140886407214883	0.0750078345398328
"TCGA.ZG.A8QX.01A"	0.0366593765234727	0.054136137741435	0.0190667442160191	0.521750236479482	0.102947425299325	0.103338929599302	0.00628508043171163	0.0721460771045112	0.00835170384833156	0.07531828875641
"TCGA.XK.AAJP.01A"	0.079111969869612	0.0048420944977369	0.171236445600381	0.0786076373221071	0.143700405767233	0.003450639422961	0.124659286371522	0.304745407468909	0.0669257527382468	0.0227203609412914
"TCGA.G9.6379.01A"	0.0239924303468996	0.169207809127873	0.0696796797069792	0.137794056151896	0.0653428250327384	0.10713303554865	0.00154409857621856	0.0485636623018015	0.161297806287971	0.215444596918972
"TCGA.EJ.7314.01A"	0.11439524271341	0.17479385764113	0.0572825144412656	0.0348084513033938	0.121858618169136	0.0751294199201641	0.259496272385644	0.140616019450015	0.0205238735228317	0.00109573045300885
"TCGA.EJ.7125.01A"	0.198886331387996	0.0348503337323035	0.160844094277087	0.0255668825326325	0.0430710740641904	0.155554489045517	0.155536309598649	0.100360249731288	0.0538412602995102	0.0714889753308252
"TCGA.VP.A87J.01A"	0.124287286215715	0.0698010146816052	0.0842102378218312	0.0369684965547814	0.0779530797291134	0.0735243408576922	0.315591752551119	0.178588811420551	0.0350220678333753	0.0040529123342161
"TCGA.CH.5761.11A"	0.103979848479306	0.168555309993394	0.0476658254813266	0.0124371735252901	0.143572853469383	0.0966496317823746	0.0928925008031478	0.114676927638654	0.109459739256926	0.110110189570199
"TCGA.EJ.8468.01A"	0.150223780437487	0.0280403712518095	0.172755275945088	0.0365983631707389	0.0745084718728646	0.132859678600291	0.0994459268965619	0.0728478403909504	0.114535247816581	0.118185043617627
"TCGA.EJ.5527.01A"	0.239115309812168	0.0381706858829791	0.102796344897303	0.00163177398722235	0.0499732565707212	0.104902679478521	0.171457961275445	0.0410061276531411	0.100724470624992	0.150221389817507
"TCGA.G9.6333.01A"	0.155857389420217	0.111743254968397	0.169131725426214	0.0680736655605959	0.0770926958559214	0.153804306049497	0.0536369213473712	0.0828762799807279	0.109859706693713	0.017924054697345
"TCGA.HC.7749.01A"	0.226371772258673	0.0288442686599227	0.113374143989911	0.026667852871531	0.0805586855724236	0.0408751541562943	0.188747538947425	0.142526019786031	0.116778649156811	0.0352559146009768
"TCGA.G9.6338.01A"	0.0383742896536162	0.0457008754098475	0.0077898915593008	0.668614426302657	0.0886190466910123	0.122020640058377	7.49558643049848e-15	0.0264602197055758	0.0024206106195962	9.77060291414309e-15
"TCGA.ZG.A9L0.01A"	0.188837991595696	0.115746120978593	0.18500966596611	0.0403154649908074	0.055478039880789	0.0708207508027159	0.031620295727168	0.0464579417973056	0.175886132423643	0.0898275958371716
"TCGA.J4.AATZ.01A"	0.0340445465529095	0.171337180137723	0.0241737436405235	0.0171557113866191	0.175898995339969	0.0123095683540453	0.226732243949163	0.293728647322949	0.0412805767619322	0.00333878655416696
"TCGA.HC.7232.01A"	0.180770985478338	0.0754289704703134	0.0455810603245351	0.0524719960313399	0.122756159694213	0.133032692769478	0.209836951603204	0.154873002038064	0.0216983488536444	0.00354983273687071
"TCGA.EJ.A7NN.01A"	0.0460181925173098	0.0323633884828239	0.0970975962696271	0.0361712886493854	0.118357408761792	0.0782083498165626	0.0237306732738131	0.177780121285737	0.178508264357936	0.211764716585012
"TCGA.EJ.7317.11A"	0.138833173739446	0.090260974595701	0.0270800397462277	0.0239323243134967	0.112359281188748	0.323049089911049	0.179834379075989	0.101364412572997	2.37220638649795e-07	0.00328608763570695
"TCGA.CH.5750.01A"	0.0982471396830361	0.0604156358547015	0.104568666915767	0.0256438799647304	0.04223956875545	0.0245839703880924	0.149458416328906	0.0905812904365071	0.176111524319292	0.228149907353517
"TCGA.QU.A6IP.01A"	0.0646513177323989	0.229429742983629	0.0410504592467279	0.0504832354393608	0.149538528592419	0.161961127215082	0.0119772929635874	0.233536187466339	0.0406006654141425	0.0167714429463141
"TCGA.J4.A67Q.01A"	0.10591283083273	0.0731335207906167	0.0554559520499587	0.211383696464627	0.108207457808338	0.26363038270072	1.35776002106354e-14	0.0213965988766928	0.0264509590209791	0.134428601455323
"TCGA.G9.6348.01A"	0.304625521288594	0.191919775794259	0.0896103162331422	0.0014640145752819	0.0645845317806932	0.173776225126363	0.0586139473555604	0.0142733106391744	0.0818155000609842	0.0193168571459486
"TCGA.YL.A8SC.01A"	0.130810983151277	0.0177823184453313	0.0969708775790384	0.0215958525824705	0.0871388707390133	0.00781386707572266	0.128184375548248	0.147164124429427	0.266987958287264	0.0955507721622092
"TCGA.VP.A878.01A"	0.0983938836962321	0.123560561637997	0.157796216256768	0.167167596929271	0.0606592177838716	0.175275417254963	0.0298221680270977	0.0652759853289961	0.0561919256232593	0.0658570274615442
"TCGA.KK.A7B1.01A"	0.168522981244458	0.131764550812344	0.0336137783365433	0.273067202631331	0.0524785619733465	0.165482737494355	0.0500733032391862	0.106728856012466	0.00616144237112203	0.0121065858848482
"TCGA.EJ.5525.01A"	0.35585239083287	0.0339711202750085	0.133895103683167	0.0311376358316093	0.0305982048143331	0.0272942013535126	0.212842176399375	0.103260928811532	0.0443690623705345	0.0267791756280578
"TCGA.CH.5768.11A"	0.0525962705314303	0.181712767601354	0.00717371206322827	0.022354364331433	0.19280127798207	0.158192883419611	0.149612437388708	0.234231018556678	0.000736472000906877	0.000588796124580351
"TCGA.HC.7752.01A"	0.0142742132446786	0.0939982652179252	0.0448251320344526	0.0350317793961573	0.568087089167344	0.0482509440852919	1.82434946997942e-13	0.195532576853505	2.30243908844905e-13	2.32637833021025e-13
"TCGA.YL.A8SR.01B"	0.0761749903766924	0.0303053591625511	0.0413540751621479	0.0449175100769045	0.0959947415955046	0.303541541323974	0.167076952828917	0.185910461065438	0.0249489177003947	0.0297754507074761
"TCGA.FC.7708.01A"	0.210069615089331	0.0529365241045605	0.0938499180353609	0.020735890075643	0.079736426288895	0.147930206415972	0.0979962084564157	0.0797982015373977	0.0972367527900248	0.119710257206399
"TCGA.2A.A8W3.01A"	0.187058987562743	0.0588246258201465	0.0294865154626338	0.0682236315054658	0.0702086168487163	0.118409731273395	0.216922062754008	0.190672236602625	0.0183513189130663	0.0418422732572002
"TCGA.G9.6362.01A"	0.0237183590029552	0.0412455193774161	6.98280154215757e-14	0.145990344562782	0.290872024397198	0.135843265586407	0.0152517256121128	0.267562938722089	0.0512754554639502	0.028240367275019
"TCGA.WW.A8ZI.01A"	0.0312249419953899	0.000427975631752867	4.38131553139895e-14	0.119171315950794	0.237993919417275	0.0453727170759187	0.0601613025851889	0.469012252945298	0.0314358782016941	0.0051996961966442
"TCGA.EJ.7784.11A"	0.113029306124836	0.105329573405385	0.11172753720542	0.0713972667983128	0.09522112555425	0.172704753214231	0.0882241851043032	0.0500941192587169	0.0876410490823419	0.104631084252203
"TCGA.EJ.A8FP.01A"	0.135539690939694	0.13954531422774	0.0313979852072647	0.0241320768381412	0.12665375443374	0.289370942204869	0.00411488725751967	0.0863602488400801	0.0790346093693308	0.0838504906816207
"TCGA.G9.6370.01A"	0.163652107198394	0.179399271072387	0.0309238040244767	0.0241090381343929	0.133519258745893	0.275631951812961	0.0514000944207244	0.026754110847354	0.0406731077724912	0.0739372559709261
"TCGA.G9.6377.01A"	0.203051400250153	0.188790466850983	0.0996045760192657	0.0121370754630367	0.0555634485623504	0.0131704766426293	0.139172201754328	0.0285499739509094	0.154669959153091	0.105290421353254
"TCGA.ZG.A9N3.01A"	0.068458521725529	0.152516891167807	0.0407204129959363	0.0567607309021845	0.069670039321366	0.0271388049970951	0.078802176927509	0.0912246443109426	0.131776374581485	0.282931403070145
"TCGA.Y6.A8TL.01A"	0.102418399773202	0.051321294724876	0.0127820029618491	0.119179254502938	0.147858956525954	0.199801086082553	0.0872179110467002	0.209257486823789	0.0203987648933495	0.0497648426647908
"TCGA.CH.5790.01A"	0.0829751701051636	0.144380172916088	0.152364947729846	0.0571256721944977	0.0547761229991936	0.0100717857040988	0.25806576993612	0.16984709119621	0.0472807195702253	0.0231125476485577
"TCGA.ZG.A9L4.01A"	0.289048871437293	0.117844467415561	0.113080091869383	0.0167714353855944	0.0794132274326271	0.244894944944202	0.0335541499270392	0.0135760137822458	0.0657683471229812	0.0260484506830744
"TCGA.EJ.7125.11A"	0.149467347841907	0.128897148363692	0.0960573579197317	0.0401383520902768	0.0760482460766611	0.247014165605062	0.0586786065399632	0.0293932808354628	0.111229578890728	0.0630759158365143
"TCGA.EJ.5519.01A"	0.154079781351434	0.0190904983687684	0.0939614118907195	0.0213566900712845	0.153995210519075	0.122173039000258	0.223326651600759	0.193727537892241	0.0111630550475856	0.00712612425787518
"TCGA.XK.AAK1.01A"	0.0361883784416898	0.103227529234825	0.0566162107711724	0.0597382275032066	0.177360008157281	0.0587594837736652	0.144272566821672	0.17853021994482	0.0619318954627705	0.123375479888898
"TCGA.EJ.5495.01A"	0.202616737808958	0.0606414708814749	0.0860585242180107	0.0463509595367268	0.0784002887847548	0.139509959825436	0.0966797791612702	0.0313106065065388	0.119843899696882	0.138587773579948
"TCGA.VN.A88O.01A"	0.0343273621560424	0.0554114536746642	0.0606614191044411	0.319181258511848	0.163548445543319	0.066282022084443	0.0343237701229316	0.12446304542678	0.110086716246851	0.0317145071286805
"TCGA.G9.6365.11A"	0.0251224493905048	0.289687776473719	0.0251562083837755	0.112001855734209	0.198501983297736	0.109087959336492	0.00721328812231395	0.170512610367398	0.0487351109046467	0.0139807579892047
"TCGA.HC.8216.01A"	0.109054896050976	0.06670772960388	0.132349939624191	0.0396009582924437	0.0832816540052639	0.0445980812380076	0.149326785822669	0.0964165793694033	0.208215106714266	0.0704482692788982
"TCGA.2A.AAYF.01A"	0.0247475619825618	0.0904380182741816	0.0496782455115668	0.0566547430625299	0.148437331896988	0.0400921014829768	0.205144131829417	0.368598539506423	0.00567784220046033	0.010531484252895
"TCGA.HI.7169.01A"	0.0402463680936919	0.0150434346406813	1.55209457354086e-14	0.681076488659135	0.109111791755686	0.148220133025677	1.22872925959076e-14	0.00403852941122924	4.48693558329789e-05	0.00221838505803917
"TCGA.EJ.5498.01A"	0.181961322859947	0.0847533021591423	0.118974643424856	0.0236129036467376	0.0996306823641575	0.2020842769033	0.103594927424172	0.0330277177672129	0.0740308607018997	0.0783293627485752
"TCGA.CH.5738.01A"	0.172160040921894	0.0708132120914603	0.267206930695142	0.00421101783513764	0.0670456339599773	0.0678099807953761	0.0813704358760009	0.0271966124458965	0.110882576868852	0.131303558510264
"TCGA.KK.A7B2.01A"	0.0898344920054856	0.141925323327652	0.139209707027412	0.116979170961691	0.0764044181202067	0.0667755051258114	9.27964674070605e-15	0.0304093390889833	0.164209378354985	0.174252665987764
"TCGA.J4.A67S.01A"	0.0128657294612405	0.0965744268107725	0.053190639462683	0.103893620751665	0.102391917998715	0.0806915722148969	0.0610902306958104	0.151296293633182	0.212675145417705	0.12533042355333
"TCGA.YL.A9WJ.01A"	0.18266262652184	0.102743182635631	0.192862101197369	0.0105667184144184	0.0593704848965336	0.105968983159318	0.0533904909284943	0.0799043822489592	0.115782108968263	0.0967489210291733
"TCGA.HC.7819.01A"	0.0190762323461327	0.0642318678697728	0.0215070067665663	0.0504839639327021	0.123302517217428	0.0319186031609995	0.362904937953436	0.300827714488792	0.0239708054219756	0.00177635084219427
"TCGA.ZG.A8QZ.01A"	0.179159701029181	0.0759076880426561	0.101430809220924	0.0236604019441889	0.0877303064305847	0.0882249818432477	0.0668643378654985	0.0901310303522877	0.133037935276269	0.153852807995162
"TCGA.KK.A7AW.01A"	0.0123652894656299	0.0825001208793645	0.0223668215615217	0.254901002040634	0.0813988702274682	0.0151714292897567	0.0221391503884004	0.0133063692381118	0.216627746851101	0.279223200058012
"TCGA.ZG.A9LS.01A"	0.229285280961513	0.0161289834874015	0.055964181418846	0.0258066871813649	0.0713246940089297	0.151586539305809	6.94351180696673e-15	0.029398628102274	0.148605962644613	0.271899042889242
"TCGA.KK.A7B3.01A"	0.110919716517991	0.0420484302499394	0.150550450156365	0.115199696467079	0.0825824994461876	0.0601542937092286	0.0127234135057355	0.139648534956659	0.157681164299779	0.128491800691036
"TCGA.TP.A8TT.01A"	0.16135279261685	0.0307674498872907	0.0912163827878355	0.0045189524640299	0.0613894099623885	0.0651994486675449	0.0653065368302547	0.0923928291631033	0.25988633502186	0.167969862598843
"TCGA.YL.A8SQ.01B"	0.0645873541317028	0.0189627430684083	0.036452151834713	0.228659935388996	0.0813662756786515	0.107220214538418	0.0675879317822434	0.181398982078177	0.0460777565624199	0.16768665493627
"TCGA.G9.A9S7.01A"	0.0110200733541123	0.089326217198484	2.62257746807235e-14	0.0259705941569787	0.161252193562535	0.00791872144606574	0.18863579829767	0.322748336523687	0.116225204610992	0.0769028608494489
"TCGA.EJ.5514.01A"	0.185648504416041	0.0488253882156531	0.132641642655501	0.114227748271659	0.0641699839187237	0.0450593969056168	0.127956933500189	0.077192461755833	0.107583203448468	0.0966947369123157
"TCGA.YL.A8SH.01B"	0.0251498351360652	0.0662885622120643	0.00961759843325748	0.434907185009196	0.120373758511003	0.143176281822339	0.021384288714196	0.145406610583924	0.0101952913016011	0.0235005882763528
"TCGA.EJ.A8FO.11A"	0.115855297695038	0.152805457723517	0.0182395297298634	0.0882845372966401	0.211914768865688	0.345581722132468	6.19510945904984e-15	0.0569039486652895	0.00889021049986044	0.00152452739162981
"TCGA.H9.A6BX.01A"	0.15123209663078	0.105118085878664	0.0890534523088295	0.0457573853791626	0.108181626603535	0.23931933227803	0.00281736443185466	0.055605096309577	0.0834993945447818	0.119416165634786
"TCGA.EJ.7328.01A"	0.167076947891628	0.081403277372454	0.14230702866974	0.021629404275087	0.0717615786584059	0.0994804688886378	0.0164219586302101	0.0578412849271025	0.158766780768514	0.183311269918221
"TCGA.J4.A67K.01A"	0.0420991413763311	0.143380000092633	0.120000815593326	0.0158543578236536	0.06347228233776	0.0453516716915449	0.000905007176717662	0.0655361282146172	0.281613371097766	0.221787224595651
"TCGA.2A.AAYU.01A"	0.093726561452291	0.0419864972305165	0.0122462286458092	0.122409786721991	0.127707601354125	0.108250516717278	0.218219407027536	0.24782354643332	0.0236872403868015	0.00394261403033095
"TCGA.2A.A8W1.01A"	0.0347077549433127	0.109065581622802	0.0185479291710305	0.0467362648643128	0.154317284864141	0.032557221148302	0.274944674053015	0.314471446208316	0.0112749385227445	0.00337690460202294
"TCGA.G9.A9S0.01A"	0.0572280348881455	0.0845574660039071	1.85926537906778e-14	0.0860346250233276	0.155798331744963	2.20271306825846e-08	0.115618012327654	0.104237353578271	0.251091398112179	0.145434756294403
"TCGA.EJ.A46E.01A"	0.0619215269158009	0.176422508850131	0.0785931350084789	0.0304777953864526	0.108156989670934	0.225781846202743	0.0285353244592724	0.200598542035029	0.0494329048773593	0.0400794265937987
"TCGA.EJ.A65J.01A"	0.126437742655775	0.0145271503705734	0.1971247523289	0.0398363786599444	0.0404259651097376	0.00783924205134903	0.20839707466273	0.29123954356925	0.0643021211776308	0.00987002941410962
"TCGA.EJ.5526.01A"	0.202066836596751	0.039533131815646	0.123725017574526	0.0131252358529057	0.068449922247824	0.0974469299795856	0.175319563585615	0.0984528375458742	0.093455304298799	0.0884252205024735
"TCGA.HC.7075.01A"	0.061512666376294	0.0676676817875131	0.0277560004097239	0.0808121573169615	0.117877205486204	0.0191024073772113	0.154209989117076	0.13927915847273	0.0953970382918713	0.236385695364416
"TCGA.HC.8262.11A"	0.0813825516596568	0.21612294519199	0.104041657867967	0.0272102086251415	0.0601348205252641	0.22031599660739	0.0923758007043198	0.0861666413539979	0.0495249431241385	0.0627244343401353
"TCGA.EJ.7321.11A"	0.126036954880928	0.0884354851289629	0.0791264412313537	0.0199561274921474	0.117604350350186	0.206080627728384	0.0604740363177861	0.0581193794100973	0.0675402118701087	0.176626385590046
"TCGA.KK.A8IK.01A"	0.0323483935368162	0.0252719577990306	0.0335868009051179	0.0545562081057989	0.107494314515901	0.0617592654785099	0.0708344078313908	0.569252627723368	0.0214105341511757	0.0234854899528908
"TCGA.EJ.5531.01A"	0.162267352898668	0.0820693013907422	0.173629887270513	0.0292834869623314	0.0441342666247683	0.0799721969494022	0.106454590525658	0.0257027916346511	0.15040111481833	0.146085010924936
"TCGA.EJ.5542.01A"	0.234334293629063	0.0311817477095374	0.0435419889985965	0.00378588166080661	0.0676384656084929	0.0963844830201359	0.25381086256011	0.0968356185320061	0.0700656326346192	0.102421025646632
"TCGA.CH.5767.01A"	0.0802958481983903	0.171189447797416	0.110340303708478	0.110663565456563	0.042157521120301	0.131603616393605	0.16643305141638	0.186119163523824	0.000272992001164257	0.000924490383879477
"TCGA.KK.A6E6.01A"	0.254393334572366	0.105691943695142	0.101384540387634	0.0215171132117737	0.0915117878791628	0.107323822104652	0.103222472855888	0.0641694032350678	0.114701838834496	0.0360837432238185
"TCGA.CH.5743.01A"	0.096070521114645	0.159434113360699	0.155566400637244	0.0193086938543336	0.0533832979744711	0.0928702637691285	0.0558798101432549	0.0739397411170177	0.144959422374883	0.148587735654323
"TCGA.HC.7821.01A"	0.220967179220434	0.0106501994672942	0.166873318684433	0.016022742472793	0.100004360778687	0.0188474752262268	0.0856675009630541	0.130651341665089	0.12937405495015	0.120941826571839
"TCGA.HC.7752.11A"	0.167485945576337	0.0972470380459698	0.057799745875106	0.0370293089595692	0.123642476320537	0.289256091258806	9.97669531684696e-15	0.00933426731693736	0.114978498795792	0.103226627850935
"TCGA.M7.A720.01A"	0.0486299711628339	0.2491714194829	0.0040199972184123	0.165128411890385	0.117035674525938	0.174104237608177	0.0175513221231272	0.158408686191892	0.0152383267460478	0.0507119530502877
"TCGA.HC.8265.01B"	0.104599621862535	0.0562695978809124	0.0767208649528462	0.0942824122961711	0.109390251875503	0.0547218199832458	0.0124894187215564	0.228144009827934	0.112503103257603	0.150878899341693
"TCGA.HC.8264.01B"	0.239857149498934	0.0378708195116079	0.100902659787709	0.0876587855422616	0.0638847413578169	0.254496795198026	0.0782559101943519	0.102050806682908	0.0213269199916129	0.0136954122347705
"TCGA.HC.A4ZV.01A"	0.182220967450707	0.0313930039262306	0.127130657308893	0.0124282420241473	0.0414820275237161	0.0331186823351954	0.0389742939475326	0.125192057128683	0.172268963701699	0.235791104653196
"TCGA.HC.8261.01A"	0.0602432206545981	0.0725971056426667	0.112406402535274	0.119237093372191	0.127770992117498	0.0103400099790593	0.070512872515052	0.160756247350244	0.183363227347003	0.082772828486414
"TCGA.G9.6356.01A"	0.190867600716508	0.115966272805633	0.0610990375180742	0.00291768529297801	0.164543665993866	0.133016660551483	0.0136654129858262	0.0410450493572426	0.183658805446287	0.0932198093321025
"TCGA.ZG.A9NI.01A"	0.213098387640257	0.0421284236673875	0.111646784926703	0.0800837065209387	0.100700435456261	0.377796883387305	0.00467062616615138	0.0677286942994579	0.00213788989943052	8.16803610838931e-06
"TCGA.HC.7819.11A"	0.135431142101454	0.144692839038422	0.00786277353625864	0.0456409609831485	0.102803075299995	0.20197992455607	0.182873702459201	0.153925974584432	0.0173250128988317	0.00746459454218869
"TCGA.HC.7078.01A"	0.0377655745527161	0.156779565161314	0.120321345327445	0.167745984462934	0.172735804266199	0.0770592942210616	0.0020529516800109	0.149146738269624	0.0594604430951784	0.0569322989635176
"TCGA.EJ.7782.01A"	0.180338443262302	0.0764512595286962	0.121637596676071	0.0455901084401291	0.0676742936482474	0.0366447487794816	0.132839055262395	0.171756538348554	0.0723298174292353	0.0947381386248877
"TCGA.HC.7740.11A"	0.036766903956437	0.203213322267078	0.0109944775072062	0.217511668047658	0.235360128438096	0.169613474907489	0.00176884412170734	0.109438236380867	0.00760741355966679	0.00772553081379421
"TCGA.HC.7737.01A"	0.197357264174426	0.0833522101614499	0.172058801383344	0.0154618062148855	0.0319483572497663	0.124971990590674	0.0484495361533049	0.0161521325246373	0.120085871760305	0.190162029787207
"TCGA.H9.A6BY.01A"	4.57273096455274e-08	0.0336671406450405	0.00551109345045265	0.206417735080542	0.266465267538705	0.126678881433863	0.133520593133718	0.213917935175724	0.00306695433661183	0.0107543534780342
"TCGA.J9.A8CP.01A"	0.197458251987333	0.0516195715002908	0.0920000839040064	0.0270910496529742	0.127466566911685	0.169855628997889	0.0702007833645206	0.136693475190749	0.0256138951239134	0.102000693366639
"TCGA.EJ.A46B.01A"	0.052301000243956	0.116656311891509	1.72158620000745e-14	0.0338384840243312	0.206545426163552	0.285443226811335	0.0505095574767987	0.230473103985576	6.39526078188127e-05	0.0241689367951061
"TCGA.VN.A943.01A"	0.0181547917951306	0.051320717753635	0.00912201538909615	0.0328631064763295	0.145083212537608	0.00823464446619353	0.333068503328337	0.391114282761705	0.010042109558433	0.000996615933531356
"TCGA.HC.A9TH.01A"	0.205240154546177	0.159630630435288	0.144561959396165	0.00830098600527397	0.0347312943330619	0.00853112257249501	0.0796105446499031	0.133252414629545	0.179713869072495	0.0464270243595951
"TCGA.G9.6499.01A"	0.104384086956518	0.199772250083269	0.0600056430341797	0.139218141247164	0.218546764832912	0.0774661620521366	0.106732205237234	0.0550170347380222	0.0332774951354919	0.00558021668307304
"TCGA.CH.5764.01A"	0.152215936279468	0.0656800826414266	0.0794401822678523	0.00689067505251363	0.0696291738604411	0.0918856435416605	0.231765282816577	0.0796649523556537	0.139489368364373	0.083338702820035
"TCGA.EJ.5504.01A"	0.284981849910144	0.038953507789623	0.132352472420299	0.00992388516235564	0.0609788616616252	0.141765163619969	0.174176358376335	0.081075626030068	0.0656114802424945	0.0101807947870869
"TCGA.J4.A67M.01A"	0.126014079490888	0.0553057195851734	0.179551637472524	0.0423750874077056	0.0923858599478927	0.12265804580843	0.0191365831835847	0.041831343115493	0.138300909780928	0.182440734207381
"TCGA.HC.7742.01A"	0.219987887774709	0.0916499404471	0.0115584870267971	0.0345527728827496	0.135812597994727	0.207179888209984	0.135787999319408	0.152904662151713	0.0056775741831969	0.00488819000961574
"TCGA.CH.5794.01A"	0.0636625980249251	0.202477757570888	0.0924326262633786	0.033740742492329	0.174215393338539	0.025556344752923	0.1757365682379	0.190286311615151	0.0286965042482905	0.0131951534556753
"TCGA.YL.A8HO.01A"	0.140595913440443	0.0348394394416512	0.1727528970392	0.0331151476354132	0.130507553959509	0.154517371053213	0.00127766690786571	0.0508924414397008	0.124093703689847	0.157407865393157
"TCGA.KC.A7FD.01A"	0.11862189912433	0.149054129830202	0.0864114199346783	0.0282850734873849	0.0989854131751042	0.00628401608901705	0.312220977652865	0.170616018212737	0.0198270363403926	0.0096940161532879
"TCGA.EJ.7794.01A"	0.173230435099585	0.0655181337365056	0.195619377366498	0.0187183125655173	0.070259673037143	0.133576088209505	0.123541592084468	0.0484101551122278	0.091935880644195	0.0791903521443557
"TCGA.YL.A8HM.01A"	0.0544870033107311	0.0444954560446088	0.064950178655245	0.0615695195959717	0.0661443076359939	0.0143847703961747	0.109376042692585	0.153501001321648	0.286893201447345	0.144198518899697
"TCGA.HC.7740.01B"	0.0665856335963849	0.141528805987846	0.0682069047405817	0.098694190320477	0.148356678345414	0.154733101735273	0.00315249047564676	0.162073589799945	0.0467840597343749	0.109884545264058
"TCGA.HC.7080.01A"	0.00642251498986812	0.0625623666540497	0.0322022687972814	0.114554392017953	0.202644190236567	0.0431195574744014	0.0791527508838084	0.410407242680303	0.0219424145861667	0.0269923016796009
"TCGA.HC.8259.01A"	0.0171586733306755	0.0646112359051925	2.68725937852083e-14	0.0958390462408014	0.112903049728019	0.0662461176276471	0.264389986332988	0.345501200990729	0.0253902742905842	0.00796041555333703
"TCGA.XJ.A83H.01A"	0.0585895363216408	0.338652666348746	0.150140889248061	0.00996329516406797	0.0837616069646977	0.107985222838409	0.0609850807001078	0.121977792582981	0.0452893420198143	0.0226545678114738
"TCGA.EJ.7793.11A"	0.146851275477826	0.078198923122674	0.128532749385335	0.0275722175190173	0.0892900883681639	0.267564947109967	0.0739780287767312	0.0423060059606152	0.0629894744519956	0.0827162898276747
"TCGA.J4.A83J.01A"	0.0366020962430414	0.136744276446527	0.175531097362922	0.0695889845727758	0.0741226792183275	0.0356245141807604	0.0606647649468272	0.129925454618935	0.191348412985778	0.0898477194241066
"TCGA.G9.A9S4.01A"	0.0193067998746122	0.0811419979464635	0.0224211399210106	0.0731719324990533	0.291457515887069	0.0327044478481625	0.0898750552262323	0.38051460012899	0.00504770298610585	0.0043588076823004
"TCGA.X4.A8KQ.01A"	0.191929643008829	0.186955538251523	0.275480422550173	0.0157806392541125	0.122738478883898	0.0724510089438992	3.05345338556414e-14	0.0743897587841074	0.0465331601798081	0.0137413501436202
"TCGA.EJ.5507.01A"	0.131589879717422	0.121897401541117	0.0432215729487053	0.0183912830842355	0.0885408679437457	0.00547900628659582	0.181693536268583	0.148970845585705	0.179219529633644	0.0809960769902467
"TCGA.CH.5745.01A"	0.179557037257189	0.0283524278561887	0.119553257262606	0.0297888041787167	0.0651488921319203	0.100044827143787	0.100252315821711	0.067275225233213	0.14892633727596	0.161100875838708
"TCGA.HC.8258.01A"	0.0461371285901721	0.169913907773338	0.0420885980094617	0.0656144639383424	0.131964214416697	0.162345546550416	0.065687093798909	0.123242287071672	0.0844075198942419	0.10859923995675
"TCGA.HC.8258.11A"	0.0080211781655795	0.187024432133611	0.00496375720214532	0.315335336373817	0.177310555111361	0.152696767403311	0.0226473831424972	0.0996927434896271	0.0203498547383297	0.0119579922397223
"TCGA.HC.8257.01A"	0.0702242424437665	0.0746174066573078	0.0178643353708875	0.0107317812024502	0.226847949662457	0.0281255569345567	0.151322386398319	0.207292303732971	0.150118043225622	0.0628559943716614
"TCGA.XK.AAJR.01A"	0.161150575110401	0.0723706740334987	0.0212956112309114	0.0193677052393092	0.0661787337391568	0.24396196279777	0.118729926313753	0.242623803199633	0.0132733077430429	0.0410477005925242
"TCGA.EJ.A7NG.01A"	0.119238409091505	0.162386104950065	0.0484390200208565	0.104246584382464	0.101987025829072	0.234818596161659	0.0301172082049196	0.133784274812364	0.0108139461189484	0.0541688304281453
"TCGA.J4.8198.01A"	0.140211017832795	0.0257395976952371	0.00475641514232291	0.0699083846819153	0.0867893284942167	0.204358107028699	0.20780392436797	0.208274227124035	0.00869471565766486	0.0434642819751441
"TCGA.ZG.A9KY.01A"	0.0552816658127994	0.0368125804533096	0.0126665053842093	0.0100057953113099	0.15680158387801	0.0720871701268818	0.0542413099455336	0.14476344650298	0.25596840980266	0.201371532782306
"TCGA.V1.A9O5.01A"	0.083673368558728	0.0816685961411297	0.0736161809544342	0.0497441513414847	0.092279535800631	0.00789798960670642	0.0954591396914993	0.127407260173547	0.229819089250055	0.158434688481785
"TCGA.KC.A4BR.01A"	0.1095935056056	0.117446883147909	0.111809284367961	0.184745337067477	0.113043220285482	0.311279653900234	0.00970104870178381	0.0274668077162008	0.00709290670878346	0.00782135249856926
"TCGA.EJ.5524.01A"	0.248582292225772	0.0250849221047179	0.0717710016193182	0.00524351872871235	0.0575918516872039	0.0933370618358114	0.153406920163003	0.061200774333405	0.146385109586485	0.137396547715572
"TCGA.EJ.7792.01A"	0.162410335276065	0.0190995931712496	0.0831141083963786	0.214393789855696	0.0548323143760005	0.166300159657221	0.0379529744754581	0.0148412173237163	0.0735120996411239	0.173543407827091
"TCGA.ZG.A9L5.01A"	0.0783180203460306	0.0191902706679049	0.017968122522619	0.123194012202976	0.167132152807067	0.0407290072510396	0.215780225219524	0.278062943248866	0.0447785335772307	0.0148467121567416
"TCGA.FC.A8O0.01A"	0.0484327128060358	0.167623980563502	1.4772824190339e-14	0.0851175588153003	0.228120648868274	0.146688784783442	0.00292872616079223	0.302960321234189	0.00411040343864339	0.0140168633298067
"TCGA.EJ.7784.01A"	0.0969478567221538	0.0198308952032996	0.0311669136201866	0.039825096167944	0.0790494848883533	0.00468903782863379	0.311389894269855	0.278584130843681	0.0910460424231835	0.0474706480327098
"TCGA.HC.7209.01A"	0.166276908334942	0.161577411081809	0.107555433526409	0.0511079823684564	0.0404900034923876	0.0319923446057116	0.245561302110366	0.0895738788257701	0.082826363489294	0.023038372164854
"TCGA.J9.A52C.01A"	0.216465336095066	0.107723065289374	0.189237430775232	0.0174294794133475	0.0883523461231194	0.182142594136512	0.00460749136654511	0.0190638060960854	0.107603537380702	0.0673749133240172
"TCGA.KK.A7AU.01A"	0.00386389955300644	0.0573745082060749	1.85371412973055e-14	0.288882496371589	0.09953645517149	0.00391020655362444	0.176837158462675	0.349009308933285	0.0205859667482176	1.84515446203294e-14
"TCGA.V1.A9OF.01A"	0.0216074786774559	0.0190702792128905	0.108031396598796	0.0831025483568307	0.154808377899515	0.0698654134762523	0.155984914319435	0.306264797051987	0.0561796877327108	0.0250851066741259
"TCGA.G9.7510.01A"	0.228304926736587	0.0961233828178374	0.198339642922209	0.0711620250999832	0.0656310802635372	0.190082940494501	0.041930368702226	0.013721252233869	0.0699921386596023	0.0247122420696484
"TCGA.J4.A67R.01A"	0.0665621422283378	0.130614608847726	0.0601595500157795	0.0626137494337568	0.136888841941727	0.161998258535348	0.00543253382271212	0.0461020486839421	0.0662780148504427	0.263350251640227
"TCGA.EJ.A65G.01A"	0.00248117246761061	0.00970611726543255	3.21716199044025e-14	0.457389861629828	0.0789403267835151	0.106117562315153	0.0831363530053957	0.239445348872931	0.00495001896587615	0.0178332386942269
"TCGA.HC.A8D1.01A"	0.185871725320859	0.112667081539153	0.0517585962057485	0.00404223905168235	0.0716962425038602	0.154927854693714	0.0514318003770607	0.0846888268899159	0.163390433286526	0.11952520013148
"TCGA.EJ.8472.01A"	0.153038651610621	0.143526063277944	0.0542259959226371	0.0256760684902095	0.0426863353301711	0.0324503876403982	0.215996202952442	0.308646987755701	0.0194370414174362	0.0043162656024394
"TCGA.HC.7820.01A"	0.0524452908649141	0.0638036318930805	0.00035803991318778	0.0357479428125903	0.118558498276036	0.0448069405228153	0.238703793670338	0.358147252689688	0.0777641818891139	0.00966442746823608
"TCGA.EJ.5494.01A"	0.126645932163112	0.106624260260102	0.0887169770084904	0.0753389773060529	0.197716557132629	0.089498700402325	0.113402728683247	0.0568263940786921	0.0865374647852237	0.0586920081801251
"TCGA.EJ.A7NH.01A"	0.0400864905379312	0.0901441139796552	0.00981325828200286	0.0635319886071003	0.157685507721508	0.218955943633665	0.0123049641288873	0.351787360512038	0.0143664195359567	0.0413239530612544
"TCGA.XJ.A9DK.01A"	0.090375331501845	0.190002198604838	0.0144248320819	0.0564962999418992	0.0982557005444746	0.130452254075496	0.0602380952828223	0.237714552087979	0.0397169101080446	0.082323825770701
"TCGA.EJ.7123.01A"	0.129318456818482	0.0673575876704553	0.0218669977769992	0.054315834391092	0.0959827048481508	0.0587631663575607	0.323802668668038	0.212649483918989	0.0203893184821606	0.0155537810680724
"TCGA.G9.6496.01A"	0.125648209035367	0.0881300540158388	0.0629067782764842	0.0840451465511543	0.305570095314391	0.0999074328633499	0.0163772165491855	0.183717125688927	0.0217028854436717	0.0119950562616305
"TCGA.EJ.7330.01A"	0.137582667176258	0.105086500894944	0.109575907243983	0.049230080531756	0.108918420418107	0.182143640148732	0.158056035141701	0.0851768178884131	0.0339073098912612	0.0303226206648446
"TCGA.KK.A8I4.01A"	0.185242467008091	0.0693565186915209	0.134531136692766	0.0172593343388191	0.0522951881003063	0.108109834940469	0.00454164105821378	0.0378662814272016	0.148942234993684	0.241855362748929
"TCGA.EJ.7325.01B"	0.0826286119737894	0.0520461863809092	0.00940340935517268	0.0661020502036334	0.442504266499871	0.0222002787545	6.76819776580539e-14	0.280376252325849	0.0178630036006069	0.0268759409056001
"TCGA.TK.A8OK.01A"	0.231346460503789	0.0419249487733109	0.138690173368902	0.0612485516269275	0.14739316929674	0.332900320552169	0.000457177253049445	0.0325383884295177	0.00208221545693986	0.0114185947386538
"TCGA.HC.7744.01A"	0.11860089764921	0.202250839388798	0.0181246491129257	0.0283304957934498	0.0888229010768359	0.0150202199369016	0.362791970504243	0.133179627622508	0.0270310779427696	0.00584732097235892
"TCGA.EJ.7218.01B"	0.0328308429972179	0.0401916042003934	0.0138382448319241	0.0836778694188353	0.159504212826352	0.0354748505148637	0.201277581104501	0.341477708065594	0.0362192197992856	0.0555078662410331
"TCGA.HC.A6AL.01A"	0.0865786397578101	0.0439841533363532	0.144297605151344	0.0409355978895419	0.160315500462037	0.136928209536142	0.0577585150799862	0.0678065269423283	0.129601444780294	0.131793807064162
"TCGA.KK.A6E5.01A"	0.0565769268785239	0.0578916433759472	0.0247033540279322	0.0211644212227049	0.0654666740960144	0.0877312283998166	0.144849372557116	0.219025842647381	0.154834671273327	0.167755865521237
"TCGA.EJ.5530.01A"	0.156445899162585	0.0212075628031204	0.0315711628333405	0.210372992181717	0.071705070640903	0.0967508349068313	0.188238534336874	0.149364077213262	0.0411111797520726	0.0332326861692953
"TCGA.2A.A8VX.01A"	0.0186189938820721	0.0638459512674404	0.00864700929933038	0.148778894850899	0.266367517899861	0.057814396937807	0.00822237451545808	0.400158751184614	0.0087656404049857	0.0187804697575324
"TCGA.HC.A632.01A"	0.210529773520595	0.000184319719635224	0.0716629511204437	0.0222298341758252	0.0457774320293546	0.0350852939177101	0.0713638219041807	0.0704114485041372	0.15456507246871	0.318190052639409
"TCGA.CH.5769.01A"	0.230897116693372	0.211735900319321	0.112702573472417	0.0690853016746065	0.0225733492768694	0.0314839338745878	0.14185493669403	0.0593038153182865	0.105848851481284	0.0145142211952259
"TCGA.CH.5769.11A"	0.23945831848283	0.229245753533928	0.104126181054592	0.0688559023687223	0.039735769778386	0.0347879594332559	0.105892170058182	0.0620408925037811	0.102413419465362	0.0134436333209618
"TCGA.ZG.A9MC.01A"	0.171358483813686	0.0764098628641849	0.1072007614733	0.144841538593358	0.0343931573748307	0.0457645411976674	0.0232101114506842	0.0221616378774157	0.140938660555784	0.233721244799088
"TCGA.M7.A724.01A"	0.0293731619752421	0.133877976091559	0.0486709211227645	0.0374724700229948	0.0900863358351025	0.0657198704832909	0.0641429814441281	0.525574682232943	0.00468310739318147	0.000398493398793488
"TCGA.EJ.5508.01A"	0.163654658282899	0.0674274355606778	0.106190988366733	0.0129858287671208	0.0796479744971248	0.099021862672693	0.14665195446723	0.0508616067769573	0.127062212176619	0.146495478431945
"TCGA.YL.A8SI.01A"	0.147178865876833	0.0718078176121319	0.193746264166146	0.200538518017896	0.0560542047522873	0.243881790034339	0.00320664770845423	0.0438322691829778	0.0220767887934836	0.0176768338554512
"TCGA.M7.A725.01A"	0.0738840297809349	0.143817370856622	0.0263447144124171	0.15025670894759	0.108664372786914	0.000337929912785779	0.214141103223822	0.196967659648169	0.0829927823977774	0.002593328032967
"TCGA.YL.A9WL.01A"	0.072365918211837	0.0958820295473962	0.00906557619760551	0.0405902534555495	0.20202921580468	0.0100738573274733	0.199113801332552	0.338620517791975	0.0255394851708947	0.0067193451600358
"TCGA.YL.A8SO.01B"	0.119989049435487	0.101554739758342	0.0536768158567299	0.119787163168042	0.192556559864715	0.0538579756001427	0.0533233430324425	0.27956804127266	0.00381140277219241	0.0218749092392462
"TCGA.KK.A8IJ.01A"	0.175714180433572	0.132720681463011	0.147491922994314	0.00340764455721582	0.0644017544853893	0.0818059642043863	0.218701938178697	0.152875362567271	0.000385618545195489	0.0224949325709475
"TCGA.V1.A9Z8.01A"	0.252904236915628	0.0548139014072942	0.0315788883514552	0.0395799971239441	0.0846142409581207	0.324771747754687	0.0383037780606985	0.0210551362430532	0.0891388353467158	0.0632392378384029
"TCGA.YL.A8HL.01A"	0.0572830224297991	0.0951779344311049	0.0172553261691927	0.0722436263143419	0.109159103822987	0.0128650251608584	0.267576840264119	0.358439045393724	0.00865669464138351	0.00134338137248962
"TCGA.EJ.7789.01A"	0.021642331577882	0.116086964934698	0.0379467884367418	0.174799805649995	0.137932225615581	0.0261403158422751	0.0887285718406079	0.353732228818485	0.0159216150868228	0.0270691521969118
"TCGA.ZG.A9LZ.01A"	0.118093727606145	0.110194972534871	0.114667062033311	0.0266881546101009	0.0883621170295703	0.00187058905521855	0.114186046230646	0.126015975598041	0.245439906703335	0.0544814485987609
"TCGA.EJ.5497.01A"	0.186726469377594	0.0834171567369787	0.0537257639101805	0.0129990030690328	0.0712650604090465	0.158519213388713	0.192731419099768	0.0735360125122688	0.0660491100668197	0.101030791429597
"TCGA.QU.A6IN.01A"	0.00902339856408193	0.173153367346736	0.0235223766559841	0.0667196951006468	0.358917369174039	0.0447159363555888	4.88895953196239e-14	0.295116176251408	0.0220162186131817	0.00681546193828502
"TCGA.CH.5752.01A"	0.187071234524867	0.027664306750881	0.102310132131762	0.0336126482890609	0.12399374275875	0.0668546681671988	0.265831164703072	0.168264489623756	0.00828007720272828	0.0161175358479251
"TCGA.M7.A722.01A"	0.00507683712369324	0.0107046313137614	0.0257710612244231	0.560491538813963	0.103647540913451	0.0710719102311145	0.0234545972889014	0.155068671673014	0.0308431147314377	0.0138700966862405
"TCGA.EJ.A46I.01A"	0.0783275541282517	0.134905636096085	0.00413074650816186	0.0304580144472006	0.129511795940833	0.191068063311585	0.056225961439233	0.263051377192768	0.0525094494264009	0.0598114015094811
