"ID"	"CE1"	"CE2"	"CE3"	"CE4"	"CE5"	"CE6"	"CE7"	"CE8"	"CE9"	"CE10"
"Patient100"	0.153352086514357	0.0196115625722957	0.138285676139132	0.0472606250132497	0.0631979681866355	0.0884955103602991	0.00916604609067069	0.0382363204997168	0.226552982792008	0.215841221831635
"Patient102"	0.0625992194591823	0.0835293025073197	0.143811212327513	0.130082940741823	0.109952832380481	0.127825692556203	0.0856641235262346	0.205585468446682	0.0244788301165551	0.0264703779380057
"Patient105"	0.0489362987693202	0.0313965390958662	0.00512304627380603	0.17086533355571	0.103162141829497	0.0479208804970067	0.182135973621924	0.336561271295994	0.0254110973272536	0.0484874177336217
"Patient106"	0.151455306182605	0.0624055505991178	0.163408109140949	0.0478809069413389	0.0956703014419551	0.0621270834394035	0.0990083299618708	0.103672850911397	0.164864093408107	0.0495074679732558
"Patient107"	0.0977417236938012	0.0294060265681432	3.4266014598658e-07	0.186870491924367	0.0110717143077443	0.212381963952203	0.170145181816264	0.172440447420061	0.0618388515171954	0.0581032561400744
"Patient108"	0.0360620899578975	0.0647896395140687	0.0393725168353639	0.0946671161279243	0.0561334114246238	0.155400491312426	0.154227852623285	0.247209493000041	0.0762945013529026	0.0758428878514677
"Patient10"	0.0740770613950537	0.067049572531717	0.0552058440608916	0.0930111085851122	0.154384243062497	0.168790511838316	0.0827090200448245	0.115621349583816	0.106099703171414	0.0830515857263581
"Patient112"	0.106667959788208	0.182791542991868	0.0183883753345106	0.0453977069718652	0.0607400049581664	0.13462711221173	0.0400475234543662	0.121378975848891	0.126455351852472	0.163505446587921
"Patient116"	0.0885442075037803	0.162993972088484	0.0227694084661794	0.113738685235838	0.0953833471730729	0.201311551967497	0.116694520352731	0.157663467284554	0.0121828509469147	0.0287179889809491
"Patient117"	0.222840216527943	0.0188241899764371	0.159994083284693	0.0864180331075765	0.088622369878489	0.15313670090599	0.0348288795540982	0.0571810205330382	0.0870770532530112	0.0910774529787237
"Patient11"	0.12970907854962	0.0837817580223798	0.121186310511336	0.0971237438604855	0.121061957843458	0.029129388529492	0.174075864578986	0.126471483538859	0.0821394699830201	0.0353209445823638
"Patient121"	0.0796525352862692	0.131487294971065	0.0652912628520608	0.0695660267999001	0.0984678322942049	0.136479986712533	0.0429176720672658	0.111437869310845	0.1382891693886	0.126410350317255
"Patient125"	0.0908871673521502	0.00638382064920707	0.030941319344386	0.0188093587322119	0.00978396854941682	0.0145220819483713	0.0187359639450036	0.0317622188644904	0.368402130710699	0.409771969904064
"Patient126"	0.182638592730005	0.0492905473986785	0.0641311976738757	0.0566824447795001	0.0452776341183023	0.0338084738078064	0.0678479161448108	0.106011682853477	0.252173856355164	0.142137654138381
"Patient127"	0.0456146615167969	0.183920926367251	0.0475114129015777	0.118549273989617	0.181633514510157	0.116090490018211	0.0285619263532027	0.22339767429779	0.0286067837407202	0.0261133363046766
"Patient130"	0.0320078986488981	0.0798312745791319	0.0956831680455697	0.132041777288364	0.169231495192111	0.0961355702798551	0.0521223951549848	0.145915800892728	0.132606140419221	0.0644244794991361
"Patient131"	0.172148621038662	0.0496213058774114	0.169676172004422	0.0800557895429795	0.0445136776429477	0.0859425159486823	0.136599628685319	0.107703351576053	0.106230300186716	0.047508637496807
"Patient132"	0.0783661001326326	0.0602883940074939	0.122218069630244	0.0326737455436938	0.0508842572818686	0.173035631826273	0.00634584457356712	0.0192853481844125	0.142198291658847	0.314704317160968
"Patient133"	0.138979894979225	0.186002416417002	0.138737915729547	0.0420922589554274	0.0194625247954657	0.0352935312894046	0.140925866036269	0.0578673361303535	0.148420710398966	0.0922175452683405
"Patient134"	0.14780345922814	0.21638396784066	0.0845996483025481	0.0198743989754675	0.0385603289389323	0.105171315819169	0.0458532430267644	0.0410782893752609	0.0901820313173995	0.210493317175658
"Patient135"	0.244950624836505	0.0872940066511878	0.0400398247986568	0.0394455823593185	0.0875621694496416	0.0510340592038789	0.138624320937377	0.129726346414921	0.0763354137277697	0.104987651620744
"Patient137"	0.153113337289174	0.0550388740649747	0.113259640713723	0.0192404886342033	0.0419347447045693	0.0511868490157898	0.0165025488698698	0.0334160042258751	0.264398756356215	0.251908756125606
"Patient13"	0.115996156288652	0.110429992024517	0.125755090885533	0.0678256485452403	0.213267346067948	0.0853652663158134	0.0829449167381582	0.192549514465284	0.000916555730520186	0.00494951293833385
"Patient140"	0.0669201987085385	0.204704568758823	0.0291898985924302	0.100394923596833	0.0855665419322998	0.0776768580097523	0.144507449414594	0.258689634627851	0.0187527965515993	0.0135971298072793
"Patient141"	0.342397455072453	0.122458812813507	0.00484474484557254	0.131366492597765	0.0801362052138316	0.0584213492557564	0.0972789242011065	0.147819284512805	0.00135030248716547	0.0139264290000377
"Patient142"	0.181002015349063	0.0440591287765404	0.138274304682642	0.0536900219471562	0.0521061123024574	0.0974734745386874	0.134238301425458	0.109096912958446	0.114401466166928	0.0756582618526214
"Patient143"	0.352151795983579	0.0652709000575182	0.00745578506313327	0.0265262298175816	5.75605715616716e-14	0.0858658416035726	0.291587459285085	0.0594718136628246	0.0908963375448254	0.0207738369818228
"Patient144"	0.177113607132276	0.105336548435295	0.0557620958416212	0.0852917307912414	0.0962229979828449	0.127977654748782	0.163446495230551	0.144703416569973	0.0211771419110099	0.0229683113564053
"Patient145"	0.207989799586372	0.0206583591665873	0.105442249714029	0.0313689062645349	0.0305846301743326	0.181835249105598	0.12344575767949	0.0884508827748804	0.127464240804899	0.0827599247292769
"Patient146"	0.170177304921357	0.0978343352008767	0.0402680093018329	0.0934967952666694	0.138045052825461	0.105676137962737	0.118089735589841	0.172856041541819	0.0171667179149808	0.0463898694744239
"Patient147"	0.113718963295566	0.171366082325621	0.0598830699134047	0.108579529877894	0.102156777301673	0.145144706757355	0.0475050860744736	0.226152068303163	0.012749612516747	0.0127441036341024
"Patient148"	0.142879581794014	0.0196720664764118	0.13945067879519	0.131296527833847	0.0550461665107166	0.146441825686437	0.108362600036592	0.173282156720517	0.0425491142503138	0.0410192818959608
"Patient149"	0.194001829361688	0.106477667789328	0.173708160333824	0.0323958462431154	0.0604549500405227	0.073998354604955	0.0231541750666037	0.0118350451939446	0.141365838605743	0.182608132760276
"Patient14"	0.106533535238658	0.0760977035151332	0.153871774020567	0.103302171894242	0.0253675376815697	0.133676583360906	0.0791432997335032	0.125087824992549	0.103011492404882	0.09390807715799
"Patient150"	0.149754259468491	0.0672059283911969	0.0580377293490146	0.161988412539732	0.0910570887191453	0.129892834784412	0.133707842828739	0.135011221492514	0.0350292117176296	0.0383154707091261
"Patient154"	0.114254144885703	0.103299873680951	0.0167087856038493	0.0682619296751111	0.110381567799739	0.36831427495979	0.0540882784700896	0.1035757443758	9.09200363083296e-15	0.061115400548959
"Patient155"	0.13744915265782	0.311227542412106	0.0591567716532445	0.0629202602724985	0.104030976364454	0.0869459262599631	0.0687362480363287	0.0975073271904981	0.0401981468037307	0.0318276483493564
"Patient156"	0.272272700089986	0.07151347112012	0.136023082338839	0.0402752915504329	0.138995142280608	0.145251207858777	0.0642649765989277	0.106591104482248	0.0152111549167017	0.00960186876335931
"Patient158"	0.118828679321585	0.0722063807545919	0.0590717680205158	0.0583612992407584	0.19473856095753	0.0572474048074328	0.0794292707748538	0.197358594721981	0.114262573132675	0.0484954682680774
"Patient159"	0.113705502340264	0.120750305642525	0.174694084169409	0.121101084671565	0.127383604669737	0.0967250283892051	0.0567880387173216	0.105834093427555	0.0495038756984921	0.0335143822739262
"Patient15"	0.0592382074948624	0.110367478530807	0.0310045551050962	0.0834992190087482	0.0886937058631701	0.0839910255709367	0.0631489234217061	0.132216327014411	0.187543351062126	0.160297206928136
"Patient162"	0.0620016147317418	0.0294458484599018	0.047825718142385	0.105203543451724	0.136201968472728	0.100819679113357	0.120529568277439	0.178401674974044	0.157780404802534	0.0617899795741457
"Patient163"	0.0767998629302577	0.0405346186597452	0.00596296345875186	0.0572731442550904	0.244130690738396	0.143695752628298	0.094952610236548	0.243394546322604	0.0177413559960815	0.0755144547742274
"Patient165"	0.221465504026981	0.13917875399303	0.135290373539477	0.0557084647469761	0.0624811034912613	0.0498218407787566	0.111666869319569	0.104937609995265	0.0796377902972748	0.0398116898114096
"Patient166"	0.147097591756214	0.130038155992455	0.0226501630322047	0.0590837734717359	0.157950225193428	0.0467885204761186	0.175660679941968	0.252370912446664	0.00556553511658646	0.00279444257262486
"Patient167"	0.0673582239535171	0.0787037663734241	0.113318215539071	0.0851588223431917	0.185084921791988	0.067894692224702	0.0414893418760224	0.147099791287283	0.151924649901026	0.061967574709775
"Patient168"	0.109065986098555	0.151737221924948	0.0367244185917845	0.0876813673475422	0.213861180012609	0.0449527221355432	0.122554536811105	0.210301565368717	0.0114181269552562	0.0117028747539404
"Patient169"	0.0677811538622653	0.149308193787255	0.0711083029668307	0.0354853906305581	0.0915948732704642	0.11747246998757	0.0523753253411845	0.0684278054112059	0.168350386014487	0.178096098728179
"Patient170"	0.180830170125761	0.310214496530362	0.0118094155974357	0.0811847638564871	0.138564147678997	0.0698489054940806	0.0305833359293243	0.0703421035084851	0.0448298315047158	0.0617928297743514
"Patient172"	0.127095227227668	0.125313033138522	0.0478778843104367	0.0352407105474207	0.0458309445029843	0.206717373318558	0.0401648091454824	0.0405770336848609	0.108500344059548	0.22268264006452
"Patient173"	0.0989922291976608	0.110898011731173	0.129705502533815	0.0752164914185022	0.134307552090397	0.0670887135154172	0.142281128626486	0.181904832635647	0.0301588375202951	0.0294467007306078
"Patient179"	0.0181392269094783	0.0410037952821652	0.0735126828100451	0.108447970074576	0.138420332372639	0.134580323937926	0.0731897731126735	0.311827745034022	0.0031698531859245	0.0977082972805499
"Patient17"	0.146142081245649	0.0413727185035786	0.112074047370434	0.0756918143458935	0.0548234269688967	0.0527954416353979	0.0248332057916716	0.0650250624396562	0.206111378267105	0.221130823431718
"Patient181"	0.129619672058972	0.122581911212339	0.067414874961306	0.0362611318141259	0.0837709133289808	0.157005220019492	0.0478907713637018	0.0936128709029648	0.111862435444487	0.14998019889363
"Patient183"	0.0913457326301818	0.143113815695549	0.0393035381617024	0.0327026482290394	0.0201369324654833	0.179439577447571	0.0490807257641784	0.125375796235228	0.137833000551488	0.181668232819578
"Patient184"	0.136520594259904	0.0893265285144802	0.0733743109271875	0.323064355326888	0.0995814939184886	0.074584192536781	0.0388824063334294	0.0779256083777138	0.0524249219180369	0.0343155878870901
"Patient185"	0.117632435393565	0.172666482725978	0.0276805918617979	0.103233351487931	0.0715700753281516	0.161163052346436	0.064912295615904	0.12670678049933	0.0701414609329141	0.0842934738079926
"Patient187"	0.157906715082207	0.0223931873055645	0.0685518654739503	0.0959880988217275	0.0972670394193097	0.17575819437366	0.0860510168554636	0.0898875213184935	0.0769713599956615	0.129225001353962
"Patient188"	0.128681377238077	0.0876844159534941	7.19568756531115e-12	0.0963558268502229	0.248541356212298	0.144233442295188	0.0515746541843842	0.233985675185116	0.00600835324666137	0.00293489882736333
"Patient18"	0.10282535933254	0.109599432819059	0.0175657832858773	0.105394202458689	0.17661851514609	0.0399746790518561	0.129136997396755	0.257033529239531	0.049486307569846	0.0123651936997554
"Patient1"	0.0160633122276392	0.0149297857964549	1.5599266407831e-05	0.200287918439781	0.307613118855118	0.105480729122758	0.0890556076011622	0.234073492183916	0.00971162465785832	0.0227688118489047
"Patient20"	0.217423812654108	0.169779543169031	0.291430774994159	0.0151315684624425	0.0075397841650598	0.0322251236789754	0.0180658639679105	0.0168846094476482	0.183520154859087	0.0479987646015786
"Patient21"	0.0731137905697388	0.0767868821997409	0.052285354611668	0.0609593014589498	0.174317690612018	0.0797493253396849	0.210745707706408	0.249501839861108	0.0173445561082038	0.00519555153248013
"Patient22"	0.243508499409687	0.057553824036075	0.027714718859837	0.0445643401130017	0.0833138423493432	0.165066875931959	0.16088083842688	0.211315283877529	0.00199051587370244	0.00409126112198587
"Patient23"	0.209525871530466	0.105778852447715	0.00494814269808859	0.13871758921297	0.176394910201637	0.0374443803050187	0.0835435066052323	0.22304156392921	0.0133151732707884	0.00729000979887482
"Patient24"	0.137538586303422	0.160731868149329	0.0597569789027934	0.0880767020683513	0.183629969356088	0.103954964406225	0.058042363975081	0.162820239190862	0.013589633533644	0.0318586941142049
"Patient25"	0.151291500800745	0.0986895143977205	0.0780539751139282	0.0448749196276671	0.0376875212016382	0.253458607374401	0.0522400822639603	0.0829713496240572	0.0651755433767545	0.135556986219128
"Patient27"	0.0303153229100206	0.0684654233947995	0.0291822780924361	0.0463397177154736	0.0371447455960777	0.0651520159911293	0.134635170944666	0.131350446132541	0.142639196760916	0.314775682461941
"Patient30"	0.0588443099777199	0.0594431437795826	0.0676542420424368	0.118586187353694	0.109151614206852	0.0481554225964343	0.0487708446964324	0.148991484853778	0.254184718927311	0.0862180315657583
"Patient31"	0.0555616626821474	0.0802097986328606	0.0585717851131724	0.120833475830782	0.159833202854834	0.067942409847122	0.141559765177877	0.271620624558486	0.0310044854250114	0.0128627898777065
"Patient32"	0.180356519170038	0.123189162215123	0.104414844535683	0.0784582482460635	0.0380353738052207	0.0603521325307076	0.143497640705345	0.219244018506799	0.0322571279835997	0.0201949323014208
"Patient33"	0.117287870156567	0.0222687880615734	0.144080447767437	0.0334108668668874	0.0328930995378556	0.222694573163016	0.0174159533156819	0.0510883976837019	0.118819661533789	0.240040341913491
"Patient34"	0.0655761871524242	0.0138856168311715	0.010172469235698	0.3948536265984	0.087823474579491	0.303765293850478	0.00491105307942074	0.0741687035314195	0.0029261221308012	0.0419174530106958
"Patient35"	0.0251463567887954	0.0247017213280305	0.0275710991826048	0.170183383480906	0.192590381131392	0.106301704969137	0.0955266493154241	0.22692364918298	0.0908163158482431	0.0402387387724864
"Patient36"	0.0155387216772994	0.093298167427716	0.0473845056484851	0.157440501859382	0.107843299228823	0.353639553797276	0.0636269214495273	0.150492583671337	1.98578469745217e-14	0.0107357452401346
"Patient37"	0.286332446577178	0.0372615230252041	0.0638066329654587	0.021454041545019	0.0358331245537468	0.134134557898613	0.0156312226312357	0.0118282379018649	0.116660434600315	0.277057778301365
"Patient38"	0.166794609034909	0.0751195504944212	0.0265347610092594	0.199684973036684	0.130931755116608	0.110311797383433	0.0307855044503889	0.231398003670713	0.0177408173526735	0.0106982284509089
"Patient40"	0.111619440060837	0.120160294253861	0.0149827617880804	0.198994608767709	0.136312042866884	0.0848318389586523	0.0851366665071549	0.198860270841854	0.0124357380603468	0.0366663378946212
"Patient42"	0.0891498773110145	0.103679497656828	0.0363541705375265	0.268441405811413	0.159902253580801	0.0389656191303944	0.0189881132416731	0.153445015647499	0.0636747113601921	0.0673993357226581
"Patient44"	0.0605689684142241	0.0326007698431151	0.0683774365268506	0.0482877621096804	0.0963522094592259	0.0471990343749907	0.0582850947090691	0.0974474980673401	0.207361524630993	0.283519701864511
"Patient45"	0.160551307152793	0.0826400206390784	0.130872028448989	0.0923571877174527	0.0627868953079224	0.0350409554975218	0.0523057118256807	0.0814059298187682	0.17438725620037	0.127652707391424
"Patient47"	0.0566056067742891	0.0244635763542455	0.00904855391966212	0.125259035179615	0.139477201544165	0.133739908977103	0.149728072467487	0.350365141939156	0.00182380756343561	0.00948909528084292
"Patient48"	0.0150720268741514	0.0513555244403729	0.0287191843288971	0.315898375009986	0.230936825245994	0.115902375087378	0.037092757493057	0.181128655343049	0.00595021187573842	0.0179440643013769
"Patient4"	0.167245572712632	0.12054649624022	0.102523847419993	0.135354635216251	0.0756041369602008	0.102193447217933	0.0844947535150105	0.159144891694619	0.0255920292292186	0.0273001897939214
"Patient51"	0.256510867968168	0.115654947442267	0.114565367812534	0.00705625882285007	0.028177916859252	0.144373465574269	0.0374132119225088	0.0527716161876963	0.140177236338801	0.103299111071655
"Patient58"	0.190001042214544	0.240218482836688	0.00411916650349415	0.113509520885439	0.0324619025402189	0.171147521262914	0.00925201449699888	0.1253895929755	0.0480527226623012	0.0658480336219023
"Patient61"	0.0412890711307631	0.123513694407263	0.0831122253582619	0.178693193769511	0.181063155534125	0.0595644544190503	0.0229037959462486	0.149959862726639	0.0653449446188127	0.0945556020893257
"Patient62"	0.27792438273555	0.0908950889145923	0.124202574976443	0.18552181128375	0.0526130381158091	0.0633858725702926	0.0254428134790651	0.0400047217499423	0.0898716132909544	0.0501380828836005
"Patient63"	0.0381800764907243	0.0768021654106576	0.0273410411950398	0.056014559788318	0.0467477457808414	0.108464097444154	0.161553301006515	0.350666196016633	0.107636959815679	0.026593857051438
"Patient67"	0.0867751991592075	0.0811877632482735	3.25715579967694e-14	0.0999334470584171	0.13176037934502	0.145092433149411	0.0777985600993006	0.344134950928068	0.0178147703318484	0.015502496680421
"Patient6"	0.150763972011575	0.313099648630144	0.0150731177681929	0.0676958936802575	0.11723838029005	0.0298192267925859	0.0437682705431468	0.0903306965748859	0.0353306160641169	0.136880177645046
"Patient72"	0.141074246909848	0.0481981056992158	0.0104528353054468	0.0908696249675842	0.0821049018527605	0.134296952837886	0.118060732357639	0.148575940000783	0.116878123073139	0.109488536995698
"Patient73"	0.0924960372563967	0.0766339586944598	0.000604690655887652	0.128056326626851	0.200403679086579	0.0505470571431827	0.109387969782471	0.309687181619627	0.0128223936801043	0.019360705454442
"Patient75"	0.0870288481943825	0.05548272363006	0.0824445650691963	0.0622895586248901	0.05884304323835	0.0268280766967205	0.0616650512823798	0.10218456938489	0.277699388614734	0.185534175264396
"Patient77"	0.148833545972896	0.0316309616739349	0.153089585929675	0.035810746190085	0.0339394530440632	0.0839548977524548	0.131612776502958	0.0559417950525505	0.251128259165534	0.0740579787158483
"Patient78"	0.269121076754361	0.0917985854832895	0.149894156574167	0.0334260082604571	0.10174006007559	0.0758967097337123	0.0292046026472533	0.0359983834759195	0.118705776150102	0.0942146408451472
"Patient79"	0.143457623305395	0.0324150099813131	0.145215771985753	0.0618262554419571	0.0986480192382074	0.163099002136301	0.0401617512855461	0.0875088285431869	0.159734849631598	0.0679328884507426
"Patient7"	0.0440764722560896	0.0287094947730638	0.0452682127479516	0.0552740028308287	0.165524793102437	0.142330038317818	0.166873811147028	0.240529484138157	0.0753383338118721	0.0360753568747546
"Patient82"	0.06845318187517	0.128446571411007	0.0270354133158639	0.085804784614291	0.0932657209084628	0.175312316918096	0.208043672350709	0.205722784217777	0.000984925351737341	0.00693062903688657
"Patient83"	0.0578106774315384	0.0603236119383901	0.0239683701322745	0.172141140008826	0.149620766208924	0.0919415293026182	0.088499812111876	0.353538407696175	1.16888137791799e-07	0.00215556828123995
"Patient86"	0.190652736577551	0.0125233631890906	0.0463824026898333	0.0239994013271037	0.0287800828177766	0.0967627529378387	0.00397893427022812	0.0341049791289078	0.228050313049192	0.334765034012479
"Patient87"	0.0524859248934823	0.0128137052316648	0.024013406740654	0.0627652685971891	0.0588598192655673	0.0627860027359296	0.0283633233612785	0.111497003335556	0.212727580877729	0.37368796496095
"Patient8"	0.158930897095017	0.0442350878348265	0.0267600476206387	0.0630787464278018	0.192780081472679	0.148237682429911	0.124529688316999	0.200397047104384	0.0251532712931621	0.0158974504045811
"Patient94"	0.0627587057928978	0.17532348280826	0.0745009994978116	0.228608645100279	0.0539376833953673	0.0788102314035043	0.0407213493167671	0.0539680902617387	0.157425496423858	0.0739453159995158
"Patient96"	0.0232796411309508	0.0794416024038008	0.0823579654975338	0.269237214044209	0.138236556852616	0.147035499020941	0.0115579453741343	0.231415177219982	3.67083016159278e-14	0.0174383984557956
"Patient98"	0.0651713780326241	0.0524600074863554	0.0967410739771129	0.0587172036920263	0.0450754030214088	0.12125457783608	0.060664705327271	0.108010258831914	0.217125427204619	0.17477996459059
"Patient99"	0.189920884049906	0.0569665913646652	0.254789634788342	0.0621546607469076	0.0680626598155748	0.0623268216172659	0.0451880138809699	0.0383018102832834	0.138237493636624	0.0840514298164609
"Patient9"	0.257423397379719	0.101184561439231	0.00140761083671098	0.02362032901655	0.0527795786328485	0.336880504359401	0.0906881773113718	0.087993369776614	3.52645335909003e-14	0.0480224712475183
"Patient56"	0.127324404598536	0.154712699201507	0.072032091677627	0.065077287731635	0.0746534978292471	0.189272815125836	0.025056531563688	0.058915148973377	0.0624485174865105	0.170507005812036
"Patient191"	0.167309738542818	0.133150515026782	0.218089013798441	0.0386343669058092	0.0223165460045633	0.0284401349256976	0.0623367956769106	0.0481114291945387	0.193307821331257	0.0883036385931824
"Patient189"	0.170525567106387	0.212421030227306	0.0318353592517109	0.0237202175432484	0.106220535805513	0.261719052552397	0.00220099755537636	0.0375346778973809	0.0484600524534235	0.105362509607257
"Patient200"	0.052277825305222	0.0356727154411811	0.0530034471051466	0.0795503612248149	0.311329558209553	0.135165400988902	0.0190186039115075	0.141079423827366	0.113538317409496	0.0593643465768112
"Patient201"	0.238874893321846	0.0360074285988292	0.00505786995406433	0.0673277634637714	0.178172545336826	0.203719755848927	0.0722341428854268	0.192898628313277	0.00235865923538583	0.00334831304164724
"Patient203"	0.200505391840611	0.174830663552354	0.0481130544191845	0.0193721060842429	0.0959997160625108	0.173306968642126	0.0239776046574927	0.0527017789880605	0.0549764338962378	0.15621628185718
"Patient193"	0.079570793073405	0.167831675359089	0.0446600737434987	0.0800700278236426	0.0843085377669855	0.0968291577922585	0.0172301513427902	0.146901482076917	0.13713182336174	0.145466277659674
"Patient195"	0.161584407496872	0.0572201687333422	0.0236877797722677	0.0506354442384995	0.0719156532466611	0.172822690832987	0.0559701012109955	0.0678348337319578	0.0349715579986496	0.303357362737767
"Patient196"	0.0209403589821895	0.0955391781459963	0.0734486820561299	0.121068041533758	0.201447905582141	0.0900699210399681	0.132131853881448	0.249250061068377	0.00952946053939864	0.00657453717059374
"Patient197"	0.0665119906779627	0.118131877561696	0.073867823428105	0.100092519621277	0.199830120530276	0.105283740468386	0.0626718287507064	0.240940003973535	0.00915723812226705	0.0235128568657894
"Patient204"	0.0725852914351975	0.279831437711663	0.057378565590706	0.111897574617497	0.111990852280209	0.0626501239989603	0.0447365116381884	0.125824623857164	0.0833200017603225	0.0497850171100922
"Patient205"	0.290898329002677	0.125035476699012	0.185928803562811	0.0669169819076032	0.0617841397457387	0.0449983070877484	0.0392937728649729	0.0923109424119505	0.0861424476090666	0.00669079910841938
"Patient206"	0.196290910520173	0.0272179005596988	0.0742065705380417	0.233166539112941	0.0819304888910103	0.168578339736928	0.0102764306853189	0.0521885815447722	0.0690267700014635	0.0871174684096522
