"ID"	"CE1"	"CE2"	"CE3"	"CE4"	"CE5"	"CE6"	"CE7"	"CE8"	"CE9"	"CE10"
"PB.16.002"	0.0170313755221107	0.133982736396763	0.0209553077172202	0.0780640505724189	0.268827449955901	0.0136937902032554	0.100915775009254	0.283826388242862	0.0287499923009231	0.0539531340792916
"PB.16.003"	0.0871937300248322	0.0290985364347095	0.0171498987785611	0.0710697331582338	0.0615175664225341	0.151544373533666	0.248116948208634	0.145597736375633	0.0783026407788945	0.110408836284302
"PB.16.004"	0.118037432420957	0.0551942375603263	0.0341988296801709	0.0537568881540404	0.0948198509484925	0.318846644808427	0.130828332908237	0.0730560116750574	0.0321092146942211	0.0891525571500698
"PB.16.005"	0.0144422645843839	0.0248179748689248	0.000348352770584713	0.0789403960498215	0.0879193289906566	0.0190532305984601	0.260145068562105	0.157021215380232	0.0674493266831677	0.289862841511664
"PB.16.018"	0.00630681217897998	0.0124805059470596	8.62478435836165e-15	0.120971557780112	0.395422547596285	0.00434675740479698	0.107014903497165	0.346216320292657	0.00383718718465986	0.00340340811827586
"PB.16.019"	0.0245243337740729	0.181415175993805	0.0236862991594125	0.174508504580465	0.12136666252806	0.0286505922321363	0.106104546965704	0.130745292533155	0.187440922146282	0.0215576700869066
"PB.16.020"	0.0706163891538683	0.20334514504493	0.147949890237272	0.00777230600301464	0.0645816375200633	0.0212495032137331	0.147050982404755	0.110350499939696	0.175517295495325	0.0515663509873423
"PB.16.021"	0.0582793386401179	0.150457294682609	0.11451787678683	0.0403505609473984	0.0187545534763451	0.0200701531638741	0.0992381781780098	0.0287389676785001	0.338703130428732	0.130889946017584
"PB.16.022"	0.194893916927658	0.116014280394137	0.26420569097386	0.00563678828729422	0.0126520082298276	0.0632948357797028	0.00505841379162822	0.000612440598506616	0.193228314958767	0.144403310058618
"PB.16.023"	0.115346014057247	0.213251527029192	2.84293037940799e-14	0.0402776415961212	0.0977282282778553	0.0519025099358564	0.19404505106479	0.170710181841283	0.0826764761958949	0.0340623700017308
"PB.16.024"	0.326182732277734	0.291754276965625	0.11338116348514	0.0234015437636733	0.0477857209531811	0.0149392553294372	0.0736824546033917	0.0425618948530612	0.0596373045969149	0.00667365317184201
"PB.16.025"	0.260285723720179	0.208889928455967	0.0565847004432383	0.0885057553493017	0.0852849798921768	0.0123019163838559	0.121193766648938	0.160298988462362	0.00433653198466188	0.00231770865931924
"PB.16.029"	0.0669978731236524	0.0742551912515528	0.0178412905081903	0.0696043683602951	0.197116055653125	0.00347878871121263	0.155171329718986	0.401999885350264	0.0112186479929518	0.00231656932976985
"PB.16.030"	0.228562611190424	0.101287335216433	0.295594770169768	0.0100620180351098	0.0331393873328928	0.0969005517240907	0.0287921009411933	0.00325498523185958	0.127743812645477	0.0746624275127518
"PB.16.031"	0.0564907872581823	0.0824770563217092	0.147108133558719	0.0398383200752084	0.28658519982899	0.0316492885176976	0.0578346012458028	0.163040264206777	0.123879042632728	0.0110973063541859
"PB.16.032"	0.0590164992070285	0.0992983492158873	0.00509260544308275	0.161216848621478	0.211584945359925	0.0641448162908999	0.14428950177158	0.243893494819288	0.011462939270815	1.64199041668471e-14
"PB.16.034"	0.225012683567925	0.0013374369801704	0.0658261842153782	0.188297430111164	0.0227696348300084	0.238482427186326	0.0095671252131484	0.0140630437696103	0.079903029222304	0.154741004903966
"PB.16.035"	0.0873845676978278	0.0929627202437436	0.262283843573358	0.124241436343822	0.130703346527401	0.091165967827281	0.0416108886574275	0.0688173609413687	0.0784282553911467	0.0224016127966233
"PB.16.037"	0.112983523670044	0.185767357507989	2.58199063280711e-14	0.087881909989204	0.112170096115328	0.0965454263333484	0.233967486413719	0.16680460890076	0.000924190976929404	0.00295540009265214
"PB.16.038"	0.0561219480402656	0.172632095489653	0.101996995498218	0.181249254497471	0.0132681908230188	0.0528944576797835	0.0370103460662768	0.130758394886252	0.215996401282545	0.0380719157365167
"PB.16.039"	0.154986514776795	0.205262303042397	0.214069783815811	0.0416170322816155	0.078913962733646	0.114784325733316	0.0363994792541883	0.0484834636711252	0.0589246251373624	0.046558509553744
"PB.16.040"	0.293562125899221	0.171217238506393	0.219659666566409	0.0237126879115907	0.0633158114050389	0.0448860512419164	0.0139635047863399	0.0276219211731297	0.0863095917957323	0.0557514007142297
"PB.16.041"	0.107098451117095	0.0707489370340199	0.0776601521870553	0.0267811787097409	0.0568308425184169	0.0759364791031651	0.0341037692871696	0.0239260074920184	0.203165881407396	0.323748301143922
"PB.16.042"	0.0235360023726098	0.136729084686173	0.0383167511551759	0.0697192146256986	0.199720795688934	0.0145159681437084	0.230239622480705	0.270238034842949	0.0156218363670811	0.00136268963696565
"PB.16.043"	0.122230619304514	0.144761040864317	0.0619338729621187	0.040434936086054	0.0385990858078523	0.121083528153244	0.195934149355218	0.214912996867668	0.0157762251767996	0.0443335454222154
"PB.16.044"	0.086276457037745	0.124066342750798	0.128550217288437	0.0293095588655489	0.0599715516268493	0.0104186285053328	0.0223764753537864	0.0343990633936567	0.359828489855423	0.144803215322423
"PB.16.045"	0.0329085074863763	0.124928302173813	0.0455442187770465	0.0236409028321001	0.121668138082669	0.0025747221838053	0.258100552990431	0.2100237226157	0.118233550423336	0.0623773824347218
"PB.16.047"	0.0140655070164951	0.0286687371795935	2.18602197395449e-14	0.197331034024585	0.155973600849597	0.184320183263234	0.109238064513039	0.187366474569933	0.0690416871299988	0.0539947114535029
"PB.16.048"	0.00946753102542004	0.0128931711213495	1.19958856668177e-14	0.151062983480662	0.156327372594677	0.24827886888558	0.149743888102531	0.231609767949541	0.00887028661562354	0.0317461302246045
"PB.16.049"	0.0256639826970376	0.0154144460446313	2.77544124600159e-14	0.196212222774681	0.195180684124744	0.176389089576693	0.0990961912417599	0.163192846465745	0.0120645963138073	0.116785940760873
"PB.16.051"	0.109292845095297	0.00242559688034957	0.0144358452251501	0.0194884738795311	0.0504829395191489	0.190437843992972	0.100174934272495	0.0577818305481888	0.109442903373488	0.34603678721338
"PB.16.052"	0.0477187449120977	0.0226446360400114	0.0346165602804331	0.0331146275829816	0.112094830485207	0.125547080147642	0.0932871625295988	0.0770919363291978	0.148819679912056	0.305064741780774
"PB.16.054"	0.174629018593182	0.0799216575960679	0.0815756667338285	0.12102767256117	0.0477429099757698	0.073396680473956	0.150406116548543	0.231148510125046	0.027124275429099	0.0130274919633382
"PB.16.055"	0.0182803694998727	0.01177277230723	2.10867388535104e-14	0.177358075795695	0.188867386414088	0.254962626643345	0.111704907156958	0.18861644883728	0.0229439158525783	0.0254934974929316
"PB.16.056"	0.0625038192592469	0.0158691108561308	0.00255512868686794	0.0310094380900249	0.0309691504763127	0.161745581399504	0.0215033490561341	0.0297040163662955	0.129503742654514	0.514636663154969
"PB.16.057"	0.123620471823067	0.0962815633836911	0.0754625146958385	0.0476301121101214	0.0778727671764013	0.192113804963179	0.0422490560468918	0.219097936055145	0.0959525726380819	0.0297192011075824
"PB.16.059"	0.228239907006297	0.204414602310235	0.0885972598975392	0.217418296744626	0.048940427952467	0.0348410723931572	0.0331345189572279	0.0604000758844997	0.072795831980111	0.0112180068738396
"PB.16.060"	0.125432658172303	0.240412109754106	0.154992276480693	0.0520907877102614	0.0897116333329025	0.0674393463844181	0.0570945463329628	0.0928092021707802	0.0666726161309491	0.0533448235306247
"PB.16.062"	0.0506623083174288	0.0271573764182933	0.0096815536956348	0.00682091010545953	0.0303322928226108	0.242222722168213	0.00657383803085554	0.0733116779948224	0.117770161024447	0.435467159422235
"PB.16.063"	0.0814291730209341	0.0653935782769584	0.0811305402359627	0.00759959766409079	0.0597273899302552	0.00434334972914975	0.0968144809467632	0.0926935217979668	0.40727402451932	0.103594343878598
"PB.16.064"	0.144147296767025	0.0848966602565756	0.00911569306410344	0.112953770743815	0.0707716175495291	0.184325161139537	0.0455604742031895	0.14499100459854	0.0604552915465377	0.142783030131148
"PB.16.066"	0.0640795595270477	0.0620214682265606	0.0222053397260991	0.292282531336606	0.112084791251056	0.198964339402324	0.0117502174347231	0.203715867303255	0.00326829198546774	0.0296275938068605
"PB.16.067"	0.218615779466272	0.112783169067187	0.00362564856309584	0.0368569176088491	0.0655606728251843	0.351473170447616	0.0369245585869569	0.140800198291802	0.00229938859387474	0.0310604965491622
"PB.16.068"	0.318496104315931	0.10527167692977	0.13976601492325	0.0302606040885206	0.0497425598607911	0.0416813571940774	0.012577912502769	0.0218898098645695	0.199984935531413	0.080329024788908
"PB.16.069"	0.388371719384034	0.0161434366125634	0.0926941551591781	0.0210290907136917	0.0279132980528244	0.356887927378509	0.0344688984498604	0.0168971618617455	0.0131941791698321	0.0324001332177619
