"ID"	"CE1"	"CE2"	"CE3"	"CE4"	"CE5"	"CE6"	"CE7"	"CE8"	"CE9"	"CE10"
"TCGA.S9.A6WQ.01A"	0.0878548335179414	0.151373830282389	0.150891893456728	0.0990845726740943	0.0779283585469876	0.130090906868471	0.00234382486414933	0.062352704485683	0.119260710207022	0.118818365096535
"TCGA.S9.A7IS.01A"	0.172559525856451	0.157885738351769	0.0664645481968499	0.0456641943525079	0.111153912211857	0.0583469091749931	0.155398804574519	0.115992938183593	0.0685192887770655	0.0480141403203954
"TCGA.DU.8162.01A"	0.153672223488502	0.131102016285035	0.0468641710102965	0.132677190033835	0.15525861414331	0.149600227534731	0.0323922659123458	0.114147156003452	0.0339539871190336	0.0503321484694598
"TCGA.HT.7858.01A"	0.0767952182155451	0.048883843318779	0.18207228221079	0.0540561679380465	0.0613226397842348	0.0840007448032446	0.0768171657812853	0.0679622220810812	0.147334094595004	0.20075562127199
"TCGA.DU.A5TU.01A"	0.153831646093222	0.131942055429049	0.165826300795032	0.0944307037567123	0.0741076955546082	0.0456301250890935	0.0151921718603313	0.053208041295211	0.142454790728858	0.123376469397883
"TCGA.S9.A6WO.01A"	0.0705947247254175	0.0627493887034422	0.158299801936718	0.0370834031354254	0.100857349181442	0.128270519033947	0.0897608040835048	0.155136440589173	0.088298825989859	0.108948742621071
"TCGA.TM.A84M.01A"	0.104525557254607	0.0722658149191024	0.0488458187550509	0.0921378628265584	0.174564353206776	0.0595140056432441	0.151389854442012	0.256081659260933	0.0178189580902055	0.0228561156015107
"TCGA.HW.A5KL.01A"	0.0742628011666082	0.0946870215122928	0.146071933092009	0.0592204887761926	0.186687100128437	0.198876446905149	0.00159885609214308	0.132053696004111	0.0222430355042164	0.0842986208188418
"TCGA.QH.A6CV.01A"	0.169313775445744	0.0604803537472786	0.127057918725746	0.0750559362065942	0.0401412895606393	0.0818927336040364	0.103365740575839	0.108152248111257	0.152529976283572	0.0820100277392943
"TCGA.TM.A7CF.02A"	0.0283026310958306	0.0888560220708802	0.00107062471950168	0.185091615775261	0.16812077139797	0.11237882673297	0.0218161628601422	0.336642211233548	0.00772147428593285	0.0499996598279632
"TCGA.DB.A64P.01A"	0.143427334112642	0.095504427775711	0.0769731091530287	0.0790638543629572	0.144030577273567	0.217717339100402	0.0442465609351646	0.123657050445591	0.0424604950379802	0.0329192518029558
"TCGA.HT.7485.01A"	0.15364264129982	0.025812723070491	0.0750822520136151	0.0347320099917345	0.111185047273305	0.181105158685555	0.149581841413512	0.110931099071648	0.0878112386893611	0.0701159884909591
"TCGA.HT.7687.01A"	0.0932018992352095	0.0800420769598363	0.045740267841597	0.101600233998991	0.145769715409342	0.112844253478998	0.109950138946634	0.123929077127015	0.0771565332925362	0.109765803709841
"TCGA.DU.5870.01A"	0.178927081879236	0.0855577592232144	0.07859262304063	0.0896876867837974	0.0908712714693911	0.175648442275097	0.110049338563782	0.121883493538964	0.049973807705248	0.018808495520641
"TCGA.E1.5302.01A"	0.193533872569799	0.0456052108113848	0.107194201431079	0.0840017331328266	0.10681948605436	0.142834893951649	0.0677397077913735	0.0585977716416887	0.122610843154608	0.0710622794612324
"TCGA.TQ.A7RR.01A"	0.0769463920643862	0.0484290175909169	0.100971298719182	0.112030918508347	0.0957273913675979	0.138000760007081	0.0399395139086239	0.230637429083834	0.0557134326349216	0.101603846115109
"TCGA.TM.A84T.01A"	0.100893085485452	0.0385341632861196	0.122151887508327	0.0839909233091857	0.137236763963708	0.096931353770592	0.0946227018381725	0.206019243809903	0.0480873248615833	0.0715325521669565
"TCGA.FG.6688.01A"	0.127312731764365	0.0787199171285338	0.161256888795693	0.142354552386691	0.041129585874858	0.141572743571477	0.0106424508337668	0.0563950119632217	0.147382272308389	0.0932338453730041
"TCGA.TM.A84H.01A"	0.0734338186136839	0.0466426759728999	0.0201488871375781	0.0998894842387601	0.117669186701757	0.086135163472818	0.152437402363725	0.344561080373276	0.01382112044275	0.045261180682752
"TCGA.DU.7294.01A"	0.115107687186381	0.0291042000984326	0.00237729409341567	0.0931866003693213	0.158815667993086	0.122870158840309	0.264974831906896	0.180030243713146	0.0109197848166001	0.0226135309824126
"TCGA.DH.A66D.01A"	0.125786949922626	0.0776719896117768	0.13030034464686	0.0587723417646307	0.0869116185365837	0.0547874962325288	0.084656876183265	0.138217716718019	0.149743856086206	0.093150810297504
"TCGA.DU.8161.01A"	0.164417454759322	0.0326220203338201	0.0716103170369327	0.0641686900911038	0.0255371644546568	0.0575536658183129	0.0571069199388736	0.0637060547743214	0.236501622009385	0.226776090783272
"TCGA.DU.A6S7.01A"	0.069885146315937	0.045871549217507	0.148280048779951	0.0904667489343828	0.123447335415911	0.100233663385763	0.0545872218814695	0.153790904806573	0.101615714075399	0.111821667187106
"TCGA.DU.A7TA.01A"	0.0906869777181141	0.191456412337388	0.129036415748407	0.0778293962359576	0.0683490256226946	0.0672373836421616	0.0945038281200025	0.0940238988206357	0.117811328533244	0.0690653332213948
"TCGA.DU.A6S8.01A"	0.0729339865335896	0.0808511505881251	7.84523912401444e-05	0.118443269990697	0.234044278900001	0.0565610812826871	0.130472297325069	0.250143717343253	0.0218586566268672	0.0346131090184717
"TCGA.FG.A710.01A"	0.115288763874403	0.0755271185015995	0.171395063950765	0.151429861082634	0.0901446489301791	0.0609664975399428	0.0178047810707694	0.0440620200373804	0.15034113708112	0.123040107931207
"TCGA.CS.4941.01A"	0.14454733672346	0.0442676845917462	0.0773504319499022	0.0640053834795434	0.0347568898553736	0.061613636060622	0.107120685345796	0.0779103109511474	0.172380187536599	0.21604745350581
"TCGA.QH.A6CZ.01A"	0.0819927632339287	0.057275006262147	0.0233149313989244	0.124172586321159	0.267664773158495	0.111622981090084	0.0834913229955217	0.227577840032535	0.00682404888243363	0.0160637466247711
"TCGA.DU.7007.01A"	0.217719207001174	0.097164290769267	0.10333586719031	0.0292888797149606	0.0353891788920963	0.0583311214359156	0.094452611262879	0.0564892453493695	0.156178099712769	0.151651498671259
"TCGA.HT.7467.01A"	0.100941841880938	0.0958960064832004	0.000191957203757937	0.123539551607371	0.247487541169589	0.189389650680495	0.0161156599523454	0.158945777881868	0.0298430720155622	0.0376489411248741
"TCGA.S9.A6TX.01A"	0.0812816511882502	0.0604609080673445	0.0360908939814739	0.0858957938462207	0.262691761236381	0.19130148326948	0.000990670405154378	0.220817708503995	0.0153018214491612	0.0451673080525384
"TCGA.FG.A60L.01A"	0.0350349928521475	0.0996577677450054	0.165040573786265	0.173862340279831	0.0835472885584037	0.091974492825152	1.2823059957851e-14	0.0615322630308645	0.106422227666217	0.182928053256101
"TCGA.DB.A64Q.01A"	0.104595986007893	0.0573685955027255	0.0232316700976224	0.103896551485509	0.118566932921648	0.0822473480907864	0.267211239292646	0.194524399844953	0.0134372043285972	0.0349200724276193
"TCGA.HT.A4DV.01A"	0.0553675184233645	0.0711313830149116	0.0121616662362952	0.186070306748471	0.20086995919407	0.193480306603526	0.0301161566502394	0.157498275292607	0.00918904636530284	0.0841153814712125
"TCGA.KT.A7W1.01A"	0.175924590060485	0.119628532584414	0.0170551207957315	0.0536612506786399	0.0441401153410968	0.0793574285892894	0.132896997980264	0.139049198965888	0.160666381543897	0.0776203834602949
"TCGA.TQ.A8XE.02A"	0.17789905217611	0.0456805248200373	0.110194268938086	0.069043627781365	0.0607675783210482	0.0823064943722172	0.100577045728946	0.107639005548227	0.170141230287468	0.0757511720264958
"TCGA.DH.A7UT.01A"	0.0772766854240942	0.11314655758156	0.0797385257760379	0.162191454218429	0.113700363257839	0.110878342775546	0.0140768430881689	0.179966842450987	0.0568335581954075	0.0921908272319303
"TCGA.HT.8114.01A"	0.155619382704013	0.0403791238319438	0.131334680273086	0.0275323194559308	0.0590502487112151	0.152123360383501	0.0695463085005447	0.0460462844106642	0.184386843499378	0.133981448229724
"TCGA.P5.A5ET.01A"	0.0578577144276527	0.0690040293688015	0.00277052195751165	0.127234656180356	0.296612369247571	0.0756808725924155	0.0193593984168341	0.33135925638478	0.00209746898828245	0.018023712435796
"TCGA.P5.A72U.01A"	0.208135199962613	0.0553244679720628	0.0403579541912228	0.0787725539519948	0.0549062665462817	0.127419340769931	0.0229647017656728	0.0162343527403636	0.167456493405103	0.228428668694754
"TCGA.HT.8105.01A"	0.0912770737707934	0.108072239309174	0.0803637337801626	0.134850423809737	0.15005492386824	0.115811506134744	0.105149387379359	0.134981901550656	0.0258345001657116	0.0536043102314219
"TCGA.FG.6691.01A"	0.184094706803496	0.00359304144586709	0.210712638275918	0.0505550030315404	0.0419070536147539	0.110001774541292	0.109574829955648	0.0557289799472809	0.151785270190066	0.0820467021941372
"TCGA.DU.5870.02A"	0.0648695278330503	0.0928000235478955	0.0121433362069776	0.15443662977299	0.248159939182092	0.0722452096248669	0.0704942759222995	0.185260058674831	0.0386878776958904	0.0609031215391065
"TCGA.HW.8322.01A"	0.105384859053887	0.0521194366055185	0.0303786420654524	0.0700700646423752	0.135355203596954	0.0743115598309308	0.194711801527649	0.197776911817553	0.0596105689203575	0.080280951939322
"TCGA.DB.A75K.01A"	0.0880582741515612	0.103666788477881	0.206339919203443	0.0867439197621797	0.115226926930545	0.111858933097611	0.0276045315991513	0.0808875975814268	0.113829758626918	0.0657833505692818
"TCGA.HT.7681.01A"	0.117326722881539	0.104828438100741	0.00926251246791247	0.102258779537629	0.194106123133737	0.132959860902514	0.0327872922434673	0.101994563258083	0.0806137353993988	0.123861972074979
"TCGA.HT.7469.01A"	0.161768003648636	0.055886154251533	0.037695657734086	0.0837988908936685	0.0874711809080849	0.0611403808865545	0.23117328395249	0.191318581622734	0.0421128577859921	0.0476350083162208
"TCGA.S9.A6WD.01A"	0.0379936520040581	0.153203345666492	0.013767050937617	0.130006958583633	0.246273151405426	0.0981007754813118	0.0704588179216272	0.170692914628189	0.0196248293905263	0.0598785039811193
"TCGA.DU.8168.01A"	0.104650729173901	0.0929934856944981	0.0140757305076892	0.0904004094782775	0.176103530293421	0.0617284586948483	0.176592911431521	0.219250173140363	0.0208982672034212	0.043306304382059
"TCGA.TM.A84J.01A"	0.23963338772819	0.12331423337957	0.022045543098602	0.0575490348015988	0.128614978652343	0.0389465733945666	0.156664938019304	0.172907378187279	0.0362376454924511	0.0240862872460958
"TCGA.TM.A84S.01A"	0.105631699004638	0.0733104368991315	0.0409518757784649	0.158098925994773	0.118557977256322	0.137743334343423	0.0475539397547788	0.200990478062929	0.0675929640726665	0.0495683688328728
"TCGA.TQ.A7RF.01A"	0.0765016300839336	0.0795573628664501	0.0248977363152225	0.0831449721202763	0.0699826662288875	0.242595793755529	0.166262104939192	0.166597057328321	0.0208592520103233	0.069601424351865
"TCGA.DU.6392.01A"	0.186490266110128	0.13333321751347	0.108210317146792	0.0671818286536994	0.100476625317399	0.077526521663651	0.0580850449194968	0.0492512027336586	0.144779341548001	0.0746656343937036
"TCGA.E1.A7YW.01A"	0.0854171677554372	0.0791241743953425	0.100704560065747	0.113179784261745	0.120588401684899	0.110977772959523	0.0658638984615378	0.228868242544078	0.0451506553240546	0.0501253425476356
"TCGA.DU.A7TD.01A"	0.163295126029329	0.0484236856942141	0.115395237292457	0.0568904444596335	0.0355516083742827	0.0673559623098858	0.0946285166151421	0.076363308303813	0.22237589252463	0.119720218396613
"TCGA.HT.7474.01A"	0.0893724693668497	0.105686011302045	0.00420261383632867	0.150305379242127	0.234296266261989	0.188521648590141	0.0239684850787047	0.153680669310813	0.0256519273458488	0.0243145296651537
"TCGA.DU.5855.01A"	0.146546595226183	0.0531408536004775	0.161312414994781	0.0997028325844689	0.0756690306559624	0.140117961819781	0.0826964076061295	0.067403355889	0.0982339176442522	0.0751766299789653
"TCGA.S9.A7QW.01A"	0.0360524605925348	0.0366738342808485	0.0555214977105888	0.0958787212359505	0.275443142533322	0.0939642742615648	0.0768317280567476	0.308503382447599	0.00595695939693178	0.0151739994839125
"TCGA.HT.A619.01A"	0.11894516747147	0.0622743586582454	1.22373086590349e-14	0.0549760441440556	0.147925560489379	0.0785717571673141	0.200111742172931	0.226653596230853	0.0640407046065773	0.0465010690591624
"TCGA.HT.7692.01A"	0.065842528887403	0.106219059261373	0.0392560087209823	0.186235275636887	0.130091042374302	0.117665554758605	0.0312458131766978	0.265342744689208	0.0326107282356576	0.0254912442588838
"TCGA.DU.6405.01A"	0.21010941463331	0.0545119214690709	0.0744044466871655	0.0383920369616908	0.0483551459427313	0.0844082930520188	0.172721277473053	0.145796600751128	0.113300925930935	0.0579999370988964
"TCGA.E1.A7YQ.01A"	0.184888301150381	0.0824803222813489	0.134351186379343	0.0362170796036592	0.0321136486560818	0.088667548461347	0.0552930877459771	0.0643098103862032	0.201885008552092	0.119794006783568
"TCGA.WY.A85A.01A"	0.0448641042673866	0.0897848408757816	0.0539643124158705	0.0839059877003627	0.157487745143045	0.149326330413997	0.00595459713798102	0.268177398580529	0.0654137270700358	0.0811209563950114
"TCGA.DU.5872.02A"	0.168698497052517	0.0618091999913307	0.126469759938989	0.0470467533260971	0.0137607917723464	0.0529752662681835	1.30366116908459e-05	0.00575722491057761	0.221196848174924	0.302272621953344
"TCGA.DB.A64S.01A"	0.136542118697727	0.0333210802024452	0.305763612281926	0.0370333037145215	0.0581694203469092	0.106708524277337	0.0173545218031848	0.045339846884459	0.165261420022112	0.0945061517693784
"TCGA.CS.4943.01A"	0.162521027364133	0.0231826116669435	0.123275021300996	0.0361646107455919	0.141782854049585	0.0369874992258328	0.246091125703962	0.109675439070592	0.0836796285346611	0.0366401823377028
"TCGA.E1.A7YO.01A"	0.0979599254081426	0.113556729636042	0.0193016933918808	0.113106864313787	0.176184811097417	0.165773113911125	0.0671815354676964	0.207552434795963	0.0157307806033667	0.02365211137458
"TCGA.TQ.A7RW.01A"	0.0936558223626421	0.0476468815662323	0.0764633580479538	0.0922904880722223	0.0647917072830121	0.11213620375468	0.0922516643704866	0.13268443242426	0.135773150139762	0.152306291978749
"TCGA.DB.A4XA.01A"	0.0777685858003965	0.0707555343796986	0.0522117911607009	0.135014457842262	0.121174628586175	0.130293445854597	0.00421611463237083	0.116217560161912	0.150979758690462	0.141368122891425
"TCGA.DH.A669.01A"	0.145029759593938	0.0936523126746913	0.0203472529033718	0.0506437917306893	0.127313909825247	0.0263534760012466	0.142689448107817	0.0925284651534752	0.221086466331776	0.0803551176777482
"TCGA.FG.8182.01A"	0.09943435859084	0.0203457659941311	0.148274184242596	0.0621673764187825	0.0795076361250905	0.121302691277509	0.155012553964131	0.174735857035293	0.0781092694361828	0.0611103069154441
"TCGA.DB.A64R.01A"	0.0782302755777797	0.0466070098087248	0.0175915877633632	0.0818791813693486	0.197975476858227	0.0660192666539522	0.181129743561074	0.304778317781529	0.000305825469602833	0.0254833151563989
"TCGA.RY.A847.01A"	0.0636044913027834	0.0522478137399396	0.089856932871246	0.115313647340169	0.235051685078939	0.160410074328324	0.00459304668061581	0.113094635727979	0.0818937994294488	0.083933873500556
"TCGA.HT.7476.01A"	0.192426066604206	0.129209690364182	0.0149660767034753	0.115982403256432	0.107606297304446	0.278260249087984	0.0169417985287072	0.0513757542321216	0.0365488657383523	0.0566827981800936
"TCGA.DU.A7T8.01A"	0.116313178290002	0.149722212572398	0.166275358262207	0.0786861090157806	0.0911148269308348	0.110169530617057	0.0198029320606956	0.0772949381817462	0.110366950895166	0.0802539631741122
"TCGA.DU.6394.01A"	0.206372582117909	0.0804879910591221	0.0246949078575527	0.0743652027805181	0.129657201112296	0.0476197304662865	0.194263301597218	0.158829950663496	0.0551051057779929	0.0286040265676085
"TCGA.TM.A84F.01A"	0.0897844782590362	0.0499712890548412	0.119115049451001	0.0712612702170692	0.017926937630691	0.0631693191556638	8.82778616334442e-15	0.0258433527852586	0.317817757738992	0.245110545707438
"TCGA.HW.7493.01A"	0.187658475438144	0.0617393396207847	0.120084466926509	0.071297791432397	0.0861570060409253	0.171964384669773	0.0577510524107488	0.0474900866545802	0.0825112373515701	0.113346159454567
"TCGA.DU.7009.01A"	0.113107371302701	0.0677231558048822	0.0152330344911607	0.0723325033561997	0.202858312849618	0.0916676939574187	0.190651599099976	0.216199321734016	0.0110458416818376	0.0191811657221914
"TCGA.DU.5849.01A"	0.101043091321119	0.0942848545333981	0.0357892321401233	0.127871840199177	0.206316683512214	0.144944163345781	0.0327802843492274	0.165693298849635	0.0300733595297302	0.0612031922195962
"TCGA.DU.5871.01A"	0.128162623021082	0.143529236736734	0.149852919824657	0.0481682494150292	0.0858218279790775	0.141316411686436	0.0744014431417378	0.0693359416029409	0.0884778643491205	0.0709334822431848
"TCGA.RY.A845.01A"	0.0648657385959959	0.0543782686834199	0.0309776980468757	0.1120431700815	0.205191156741691	0.100151162730787	0.122330018185015	0.248169201469405	0.0287060685214089	0.033187516943901
"TCGA.HT.7676.01A"	0.12498045831279	0.028436131698864	0.223183184025007	0.0527140025738258	0.0723530394735168	0.106788972265313	0.060740355060981	0.0403175672117919	0.193237501159233	0.0972487882186769
"TCGA.S9.A6WH.01A"	0.0512120212914667	0.0763030443484714	0.0268467975765574	0.100106761050207	0.23517211237703	0.0558106863692996	0.166255024155662	0.224098618380386	0.0217957532452665	0.0423991812056535
"TCGA.DU.6407.02A"	0.096728005473818	0.120746093109125	0.110787394656944	0.247618248156716	0.0587548881715216	0.0432208482030423	0.0448941371810956	0.0394973791183076	0.167692254603156	0.070060751326274
"TCGA.HT.8104.01A"	0.198669077667111	0.0790398926157223	0.0390043780851871	0.0936591243747684	0.075680799026109	0.137935885036498	0.134738606679597	0.100472740574516	0.0924453747224703	0.04835412121802
"TCGA.HT.A618.01A"	0.133163961375336	0.0554630649868681	0.173463513925175	0.0634131432651563	0.0326382926910704	0.0742007966161682	0.0265031705190749	0.0470870036159898	0.253905705232645	0.140161347772516
"TCGA.WY.A858.01A"	0.0425074222685788	0.0126729464543253	0.290634261328452	0.0205969002896804	0.0267235504794316	0.169789661866763	2.30514802688552e-14	0.0204568545074205	0.211886629174254	0.204731773631071
"TCGA.DU.7010.01A"	0.20371704544774	0.0859517499033478	0.0250486259798119	0.0585507199151421	0.118290433231841	0.0870647739829854	0.19830977108131	0.13026176431002	0.0605006230804034	0.0323044930673987
"TCGA.VM.A8CE.01A"	0.132272468356787	0.105796355207269	0.0910869231405754	0.0533107665257017	0.130656205831341	0.150287875065102	0.0420849699071556	0.214983734848097	0.0281414931525961	0.0513792079653763
"TCGA.R8.A73M.01A"	0.0227281211830769	0.049279153530924	0.0159809854861406	0.184428593940447	0.318577182157151	0.0682191166771448	0.0339793988595285	0.260820624310718	0.00406318396305887	0.0419236398918104
"TCGA.E1.A7Z4.01A"	0.0630457499654788	0.132247868317966	0.141324325125136	0.101052831531181	0.0835170679841681	0.139280074145161	0.0166025649473428	0.11166392232637	0.0945721141012021	0.116693481555995
"TCGA.HT.7874.01A"	0.0806767355480827	0.0961861521291416	0.00834152548420849	0.143796186370011	0.211963963451825	0.176864210579381	0.0672427080094041	0.178506996179869	0.00522518508443889	0.0311963371636385
"TCGA.DH.A7UU.01A"	0.0797371336652832	0.105889718889505	0.0629750409861772	0.0800999392356671	0.162677068146436	0.0984774602742032	0.049620395312453	0.233222992253897	0.0742172759704429	0.053082975265936
"TCGA.S9.A7IY.01A"	0.0684400303676342	0.0385793850610414	0.124111704067523	0.117781618558424	0.113562985813981	0.132326389269527	0.0422733279871567	0.109353878890371	0.130920909065513	0.122649770918829
"TCGA.E1.A7YD.01A"	0.132063254756705	0.0873700462531348	0.023919808205575	0.139366223403589	0.11144795525408	0.0854897103457306	0.119091196554425	0.153397175816988	0.101410120533429	0.0464445088763439
"TCGA.S9.A7IQ.01A"	0.0606864930764373	0.142339134716163	1.00202831219746e-14	0.152260708513181	0.267682881420308	0.110727342192649	0.02650013395435	0.21707502559259	0.000720971320852526	0.0220073092134585
"TCGA.FG.A4MY.01A"	0.0721160444826742	0.149016464699036	0.0871436038644692	0.174450237925377	0.107390814824949	0.182861922108434	0.000301519951727763	0.133924548269488	0.0461491577613661	0.046645686112479
"TCGA.HT.7605.01A"	0.0819197753327662	0.0782918792937227	0.0200864219977095	0.138468966278776	0.242573425762182	0.156016180219646	0.0353118333615641	0.19343860426444	0.0244530028393764	0.0294399106498176
"TCGA.DU.6406.01A"	0.247691089867608	0.0684546551999465	0.0262568700881011	0.0262044799998668	0.0363343755261246	0.0608733381663098	0.158846281021309	0.129970392683265	0.185075529483543	0.0602929879639266
"TCGA.DU.6403.01A"	0.165068296222902	0.0504258160129999	0.0904334567765109	0.0835142967323561	0.118116087922734	0.0725651605859991	0.10950019693751	0.0890364074765177	0.138150532231137	0.0831897491013324
"TCGA.HT.7473.01A"	0.118117888398093	0.0473752525262397	0.173449984200492	0.039716817289333	0.0221727911440147	0.0965672265843987	0.0567751942707506	0.0494275201984644	0.202748016385335	0.193649309002879
"TCGA.TQ.A7RG.01A"	0.124507316436987	0.0496549008806838	0.0837697969444656	0.0903089559183775	0.140149775356865	0.10270193743196	0.117445642422688	0.188060069213574	0.044534500968492	0.0588671044259072
"TCGA.P5.A72X.01A"	0.137152324200658	0.078314467991721	0.0300690583314628	0.124747450303033	0.0651220607671235	0.408792553203341	0.00423188436119267	0.0887229169253952	0.0293851583077116	0.0334621256083615
"TCGA.TM.A7CF.01A"	0.0521349016688112	0.0791671081846921	2.32054803329786e-14	0.171665108076916	0.289771614116258	0.0913955128160627	0.00134096039586833	0.26491308501436	0.00172035058728554	0.0478913591397229
"TCGA.E1.5307.01A"	0.151111999581353	0.0341520198311319	0.0695962897782749	0.0715237579760604	0.139899012686418	0.142699788996276	0.190158184009554	0.12048001693151	0.0384236360694753	0.0419552941399455
"TCGA.WH.A86K.01A"	0.0426477777917804	0.0430182631487641	0.0135849806716914	0.164173689264064	0.244192934291134	0.243764098077223	5.99788850599978e-14	0.089071589929907	0.112903724016211	0.0466429428091654
"TCGA.E1.A7YM.01A"	0.0790321419017164	0.0546507851521837	0.020307906145768	0.179257621265627	0.18826330705328	0.202803228251786	0.0245142621877257	0.179038813672421	0.0178390800327537	0.05429285433674
"TCGA.HW.8319.01A"	0.0769352711984699	0.0847822240455255	0.0365855205244203	0.141117325958457	0.16910920221345	0.107456966062056	0.106191399149685	0.205039700134847	0.018183811862124	0.0545985788509652
"TCGA.HW.7495.01A"	0.099510695265075	0.0538480158344415	0.00161156121233471	0.112330540449648	0.201166031199889	0.162071555592834	0.106988476792338	0.220359952693893	0.00454548990469038	0.0375676810548577
"TCGA.DU.A6S2.01A"	0.0512629635997597	0.139564453008937	0.0899651568597125	0.107564891274541	0.186532492032014	0.164904310989822	0.0153492649763926	0.177818244090357	0.0185518256555764	0.0484863975128876
"TCGA.P5.A5EV.01A"	0.0904115618993158	0.017868640957346	0.0147642598799141	0.127800477095348	0.119174024292536	0.155318982053894	0.106219877321969	0.161006034269106	0.137514241941195	0.069921900289376
"TCGA.CS.5397.01A"	0.240893820807644	0.0930519273654338	0.100303281004698	0.0844965137985774	0.0819997610620227	0.101824311401905	0.084239393318336	0.0891300074827224	0.0593744676988216	0.0646865160598392
"TCGA.RY.A840.01A"	0.0555751462882739	0.0522363803956983	0.0182567586033612	0.109445014679743	0.200839204025267	0.081200125799395	0.104123324572895	0.326623582564091	0.0200386692740653	0.0316617937972111
"TCGA.CS.6669.01A"	0.0695729120615603	0.111910952077915	1.31286422771161e-14	0.155884912202417	0.254116087201779	0.131216258921957	0.00636077230281521	0.241004537623603	0.000324778038627231	0.0296087895693133
"TCGA.HT.7694.01A"	0.0847583280247087	0.0965950384858812	0.002611165421063	0.134472026030076	0.224849087596289	0.165888454770408	0.0465092307600656	0.215554134708548	0.00367378582917587	0.0250887483737841
"TCGA.DU.8167.01A"	0.121565589290645	0.0820450233991597	0.24120536074756	0.0964719373556012	0.0516600039275785	0.125158346806153	0.0331947746655218	0.0211803946086813	0.154185144017088	0.0733334251820126
"TCGA.FG.8186.01A"	0.10402448794352	0.0434258633546527	0.145879524443101	0.0885614769565933	0.0695729931440716	0.0882007111527905	0.0958910735111261	0.128253838243369	0.153720299863018	0.0824697313877581
"TCGA.DB.5270.01A"	0.159016087841286	0.173558495881468	0.0461380650688849	0.100870423166648	0.160048726204618	0.11486096711714	0.0117275277981069	0.0705877632448695	0.0908618660711642	0.0723300776058136
"TCGA.FG.A70Y.01A"	0.117201845906763	0.115179262090971	0.134310136998015	0.0938926033462794	0.138503262026079	0.181438313044432	0.0116859754413342	0.0606194501160539	0.0602455498677085	0.0869236011623646
"TCGA.HW.7487.01A"	0.0648690158507249	0.0996735226703265	0.0134519671744423	0.129784562553607	0.248144612470767	0.144440005198172	0.0564657524086745	0.213885124311179	0.00509213844794822	0.0241932989141587
"TCGA.HT.7616.01A"	0.147201693927464	0.0444052897496019	0.0887725580155297	0.0642071595555005	0.0326448082690376	0.0928406195469128	0.0503509411787892	0.0260145296762704	0.188876892515913	0.264685507564981
"TCGA.QH.A65R.01A"	0.0818268899848534	0.299193844768376	0.0968598634165181	0.0553200999214009	0.160238797182621	0.20699882898576	0.0146932854065458	0.055164973171032	0.000604568614933531	0.0290988485479597
"TCGA.HT.7686.01A"	0.21009846980278	0.0697918467382791	0.164963925101336	0.0448294383001769	0.0477233469078877	0.0966754486610776	0.0606974630275519	0.0117750163697433	0.209699480666775	0.0837455644243929
"TCGA.DU.6542.01A"	0.150553346235806	0.0650268505879836	0.129764268742314	0.084090493395666	0.0872237538297145	0.0810373143304089	0.126821569416886	0.0774130761770666	0.133621473255814	0.0644478540283409
"TCGA.HT.8012.01A"	0.0565629102386087	0.0581835458114765	0.0109185226819544	0.14884784724128	0.221813760725908	0.122849560900581	0.0776415558052863	0.222131345259039	0.0203681814078602	0.0606827699280064
"TCGA.DU.6400.01A"	0.0721690962492472	0.127115931457721	0.0126171548695493	0.10284258146828	0.21167827262541	0.0790362412016698	0.103973935871138	0.181516915291557	0.0630815117797671	0.0459683591856612
"TCGA.DH.5141.01A"	0.120552303626393	0.0429651421675227	0.159602473098401	0.098582981282817	0.165714865521944	0.258299023526793	4.18266028373639e-14	0.0843318549467128	0.0602249940248117	0.00972636180456423
"TCGA.HT.7873.01B"	0.0910205307688714	0.0611705812559772	0.0940433314719852	0.0860953255398689	0.0761838894973617	0.100503306243705	0.12034683698803	0.237170463816137	0.0535023534204238	0.0799633809976399
"TCGA.HT.7608.01A"	0.153681586773574	0.0464100578410691	0.0888735705113907	0.0965254508624698	0.0821007916942966	0.354938979749456	0.00676619821351692	0.099692425549866	0.0381803632814087	0.0328305755229516
"TCGA.FG.8188.01A"	0.104008884759994	0.036099461914599	0.157251746802428	0.0414581025918416	0.0769404237441403	0.204277022843611	0.0882819097011042	0.146951723150488	0.0912616033483912	0.0534691211434027
"TCGA.HT.7606.01A"	0.139813384199001	0.0638250952358375	0.0293578746427203	0.0667492146393092	0.138157850492724	0.0507391048706115	0.264059655850628	0.189159062292445	0.0441171458040182	0.0140216119727055
"TCGA.DU.6397.02A"	0.193382373494836	0.0980658544373218	0.0120879351458242	0.0694181825326748	0.158534486146224	0.115320408623428	0.0681232244856914	0.0950461567585462	0.10457147215832	0.0854499062171334
"TCGA.P5.A5F4.01A"	0.0307175531447072	0.187143814141181	0.0188021179505287	0.143929553500338	0.210818401773279	0.13370942772037	0.0162974811684232	0.177299561827166	0.0269070045817455	0.0543750841922605
"TCGA.DU.7292.01A"	0.211949376388795	0.119393843723034	9.52274414647861e-15	0.149020534349596	0.176784012349459	0.116650644613977	0.0416466664455421	0.123630920676246	0.0179935130629827	0.0429304883903585
"TCGA.QH.A6X8.01A"	0.117157051676045	0.0593131256032302	0.0628773231758524	0.108214320976017	0.221688337130866	0.108008393077638	0.0472133116084601	0.161593191810495	0.0383353469777687	0.0755995979636273
"TCGA.S9.A6WG.01A"	0.15348340137724	0.0831932428067589	0.158110729632826	0.0772748047422916	0.0335802425565155	0.213514899540389	0.00211680261095272	0.0182519912047135	0.109180224979412	0.151293660548901
"TCGA.E1.A7YE.01A"	0.182987031646496	0.103408777648577	0.193169241217988	0.0707560216827027	0.0455448668576069	0.0722405262722432	0.0601593161923552	0.0711737365802726	0.141471521347597	0.0590889605541612
"TCGA.S9.A6U5.01A"	0.108480754077197	0.0557698131072943	0.0321218667488955	0.0703870694711112	0.0731722753810675	0.0889718935192957	0.0098505917995218	0.087457792599153	0.273218563506815	0.200569379789649
"TCGA.W9.A837.01A"	0.0674561439244175	0.0636872810992123	0.00727536535795108	0.150011033993861	0.25335041320607	0.123862814758036	0.0603551000727105	0.248277373736484	0.00137638810108733	0.0243480857501706
"TCGA.F6.A8O4.01A"	0.0289733635720015	0.106291256101157	0.023203262951563	0.0967835954742076	0.204949517413638	0.187715090646489	0.0656626520691978	0.254176187857767	0.00694401653219576	0.0253010573817836
"TCGA.FG.A60J.01A"	0.102126368075699	0.0676419705794613	0.121205360182525	0.100541958202243	0.110953445878666	0.0959660913168056	0.0531641428170678	0.150799971138286	0.0715509794733249	0.126049712335921
"TCGA.HT.7471.01A"	0.147653984528476	0.0627295032336767	0.091182962804135	0.0756302243329624	0.0985489062046996	0.0511387035933047	0.117987784330619	0.0943971910484416	0.139438798405679	0.121291941518007
"TCGA.CS.5396.01A"	0.18944533123805	0.0973591048756816	0.0505263504326856	0.0545592515073114	0.0731662002614149	0.114771402950845	0.17502485505609	0.106725572223803	0.0907978461098149	0.0476240853443038
"TCGA.FG.A713.01A"	0.0711382523990956	0.12806434624522	1.1576151467898e-14	0.153146159401426	0.231172615489924	0.179831771649964	0.0030644885406311	0.20738987486102	0.00267174355702318	0.0235207478556841
"TCGA.DH.A669.02A"	0.11979755303529	0.117175650254806	0.0140431323047588	0.0981756106406251	0.168875675926103	0.0949500955976907	0.0618258181543875	0.101161167416641	0.14720312792212	0.0767921687475787
"TCGA.WY.A85B.01A"	0.0900011197030118	0.0314979828892242	0.240243441017894	0.057685001669927	0.0933506216916209	0.0442824012075994	0.0532761895488492	0.0882396403336956	0.194370465371421	0.107053136566758
"TCGA.HT.7691.01A"	0.21261043318923	0.0683399453280441	0.250842724635132	0.0346136726977585	0.00877980603185087	0.231277867708754	0.0122464628029326	0.0130347127964983	0.108197615341257	0.0600567594685415
"TCGA.DU.6410.01A"	0.119863442647649	0.0838797076008435	1.15848474525583e-14	0.0833475936232436	0.16699317093242	0.0381662949533217	0.2485769254679	0.244161935210675	0.00120904569639035	0.0138018838675451
"TCGA.TQ.A7RV.01A"	0.0441388741050325	0.108629666408935	0.0141443519971278	0.104402095044972	0.191573365606597	0.125590012058155	0.0216325143180415	0.360272797790359	0.00518108555526759	0.0244352371155122
"TCGA.HT.7604.01A"	0.136982168404606	0.0255663390186322	0.0691585604490227	0.0323120914300655	0.0904663395086617	0.0939034249048145	0.319469287781834	0.172866493441132	0.0347869966354055	0.0244882984258262
"TCGA.HW.A5KJ.01A"	0.0130624069670933	0.0984588688818902	0.0739963702202901	0.105647191188688	0.148373293092176	0.38083012136422	3.90037221689916e-14	0.0552935706124706	0.0924505728841053	0.031887604789028
"TCGA.S9.A7QX.01A"	0.136093592284517	0.119850608936958	0.107271738669526	0.059757234256612	0.137159317112699	0.0518755590494324	0.0189785515329348	0.13517873585902	0.116373651900728	0.117461010397574
"TCGA.DU.8158.01A"	0.141396056996685	0.120379611585718	0.0696960878649578	0.0835089849752959	0.054083211612464	0.0822329131551847	0.0472855226143287	0.0814127307822302	0.153500945670807	0.166503934742329
"TCGA.HT.7688.01A"	0.0767746110177511	0.132609536716295	0.0416295385964944	0.112407219370458	0.208784906094625	0.134045213785739	0.0843561484815863	0.167529722772585	0.0121366258288906	0.0297264773355745
"TCGA.TM.A7C3.01A"	0.147968386560652	0.081989102460271	0.00628067239019253	0.100140860940247	0.0526426780268983	0.113830083047249	0.13021774473424	0.252627784415388	0.0548725576775668	0.0594301297472945
"TCGA.HT.7472.01A"	0.183612107076775	0.014674312212404	0.116717185148136	0.0414881935002809	0.0763013423051277	0.0971001201081829	0.130900853194838	0.0741122466142883	0.155784792108368	0.1093088477316
"TCGA.S9.A7R2.01A"	0.0767237913189117	0.0582944791048547	0.0522252231869004	0.126193684966159	0.084171369237634	0.122911681829348	0.0123118904189695	0.095071731436109	0.175849995052661	0.196246153448452
"TCGA.VM.A8C8.01A"	0.130125755612268	0.0477736005468062	0.122824464215	0.102692716434271	0.0976890609769375	0.139844928853199	0.0569398983579527	0.184420728068356	0.065928495143951	0.0517603517912593
"TCGA.QH.A6CY.01A"	0.0463815312399266	0.0953786425271975	0.0200003538493862	0.149307236230857	0.285295031647199	0.161693182357419	0.0169302245615345	0.184603464840688	0.0161504876700465	0.0242598450757454
"TCGA.E1.A7YJ.01A"	0.145849952582055	0.0950824015664132	0.0944002576937296	0.0843084286324352	0.0310054051080074	0.0594525700588259	0.0666520207233681	0.122055235045065	0.195793707701801	0.1054000208883
"TCGA.HT.8558.01A"	0.0830833225983619	0.113708130060885	0.000869196820199704	0.122145523193831	0.247399607617212	0.153182053923618	0.0405510247042624	0.201844700896248	0.00242813122603585	0.034788308959347
"TCGA.R8.A6MO.01A"	0.0631390660120429	0.0759420845475842	0.0886450452973959	0.144621352143721	0.164018330538289	0.149257578235243	0.0440437731595743	0.146803318042176	0.0618777785202823	0.0616516735036912
"TCGA.CS.5394.01A"	0.0869133874441402	0.0655944631212099	0.0248662474796898	0.049300730992312	0.167171333403548	0.120151027796787	0.218610715849965	0.225834922632333	0.0247647149746688	0.0167924563053468
"TCGA.P5.A780.01A"	0.135086829854487	0.104693319494917	0.195581887783388	0.0490924418118355	0.0668100099728156	0.207639545697416	0.00410431872445236	0.086609730706917	0.0840274169702513	0.0663544989835201
"TCGA.R8.A6MK.01A"	0.101654401452337	0.141430900717876	0.0338791072177111	0.101909176175034	0.132404858660263	0.156719593187753	0.0528842976906503	0.228321666582201	0.0198218702332013	0.0309741280829738
"TCGA.HT.A5R5.01A"	0.153478237810253	0.173351855001056	0.171645301615997	0.0499453024539439	0.0710257816828827	0.146954979965723	0.0185582554603446	0.0432957698194927	0.111120024382942	0.0606244918073648
"TCGA.HT.A74L.01A"	0.0892363477150508	0.159067662850963	0.0919751504041376	0.0985535981644934	0.0760539550952102	0.0769220933968322	0.137636516174161	0.204213953774743	0.0321261211140439	0.0342146013103646
"TCGA.FN.7833.01A"	0.140941670687473	0.0882386113883908	0.246063706486676	0.0405418018328665	0.0266851121358324	0.0631167381829068	0.0613426603096918	0.0471804777513525	0.191620161208662	0.094269060016148
"TCGA.DB.A64W.01A"	0.0692683987015685	0.0967010280139735	8.51447035614495e-15	0.109930053198046	0.206851985333988	0.0629192620412979	0.138766790785154	0.290499455958032	0.00107939655492644	0.0239836294130039
"TCGA.DU.7018.01A"	0.14467811972685	0.050123484971838	0.0206729170769491	0.0641068593236669	0.207458171219429	0.135764463647777	0.199527885747286	0.166324169534799	0.00706704530934778	0.00427688344205848
"TCGA.FG.8181.01A"	0.104945643602176	0.153222601880011	0.0427818992827377	0.113674652468342	0.196801499314125	0.191011511904687	0.0259570682313283	0.135186970297175	0.0157236516154308	0.0206945014039861
"TCGA.QH.A6CS.01A"	0.0881713612448339	0.104830847851478	0.0516215219704142	0.372151239366429	0.076762437384123	0.128917495502191	1.25418664479242e-14	0.0670578650990325	0.0361849269747113	0.0743023046067746
"TCGA.VM.A8CH.01A"	0.133054114846647	0.0649731711433178	0.140642738692908	0.0228827513592234	0.0835632973926471	0.111537639334492	0.0717914728961729	0.142109940225196	0.13538987269322	0.0940550014161749
"TCGA.TQ.A8XE.01A"	0.0636020724709593	0.0825360623800373	0.109318099561601	0.0719471257994618	0.126738247993218	0.115345635230685	0.193228697016973	0.1954208653771	0.025673296327734	0.0161898978422312
"TCGA.FG.5965.02B"	0.0488066988270251	0.091486088999078	1.27343703971784e-05	0.183006821498401	0.233524491591216	0.110873018699001	0.0336474031148343	0.27134385641498	0.0127483031110655	0.0145505833740016
"TCGA.DU.6404.02B"	0.238346495935491	0.22672549394368	7.10214108118928e-15	0.0231684340428321	0.142585284122971	0.0602746568583108	0.130193132788965	0.146198821189557	0.00977780926741478	0.02272987185077
"TCGA.DB.A4XB.01A"	0.0738443827857272	0.0531634158603805	0.0446677739710363	0.097341692615174	0.166689925993508	0.0700845341951619	0.171883603976263	0.214049192298698	0.0344741084282667	0.0738013698757842
"TCGA.HT.7620.01A"	0.0862533150073485	0.0887455431350082	0.0365320091369528	0.112255476333271	0.112018754173988	0.149040707661094	0.0616301849605459	0.186057352190701	0.0403194025463775	0.127147254854712
"TCGA.TM.A7C5.01A"	0.076600600701625	0.0830062272262689	0.0757378130887924	0.0417175119478562	0.272010829352057	0.137173115780921	0.0742944050199424	0.180551038735222	0.028268396455236	0.0306400616920786
"TCGA.HT.A615.01A"	0.0732873233524742	0.0325783801861117	0.0691333746981051	0.0779752027176778	0.0751196968549946	0.0535207463857192	0.122703734287687	0.129488416541016	0.20908055256971	0.157112572406504
"TCGA.DB.5274.01A"	0.0592918089189959	0.0585704564473266	0.152109698265932	0.157353117264166	0.0958346267726121	0.144338531326406	0.00192231868347607	0.0209038397102887	0.154776442708996	0.154899159901801
"TCGA.WY.A85E.01A"	0.0565491651872288	0.0796362900024291	0.0334490879577336	0.109625674706307	0.268703412431771	0.0823996866414655	0.0452341416073007	0.259965939125665	0.0267432223730767	0.0376933799670226
"TCGA.FG.A87N.01A"	0.185399761098767	0.0600679756131193	0.0698133381448408	0.0460191429359768	0.15337923939852	0.0390523028879514	0.189144319865178	0.177193456587306	0.0447211682609779	0.0352092952073624
"TCGA.TM.A84G.01A"	0.0932873132881392	0.064299779101895	0.000389555226440897	0.0741210316819279	0.150844272531131	0.0795562781389675	0.213800394185987	0.290916305250126	0.00676937681478378	0.0260156937806012
"TCGA.DU.6397.01A"	0.120494597885527	0.0883288427138042	0.0615603491482779	0.0809303374690713	0.124543494335899	0.157777390779393	0.0702947846359995	0.0982955669215554	0.0602368402799566	0.137537795830516
"TCGA.DH.A7UV.01A"	0.0225278174345497	0.0492290185546862	0.138913454074133	0.167765934314463	0.123927805940654	0.108950037822706	0.0119537424782773	0.21050763405267	0.0574149678078098	0.108809587520051
"TCGA.HT.7857.01A"	0.215326729683531	0.0609926050528352	0.146741957800135	0.0306635888839863	0.0163841226487077	0.0696820166050809	0.0183629351044042	0.00758134449237943	0.245969669918485	0.188295029810455
"TCGA.S9.A6TU.01A"	0.0391085970613479	0.0318621270088318	0.258289141327038	0.0588277847507302	0.0914313601093485	0.184580556101335	2.36115761143533e-14	0.056215489644985	0.0986110339057406	0.181073910090619
"TCGA.FG.A6IZ.01A"	0.0319379727565119	0.0694373664079035	0.0182432026747468	0.211113749625476	0.256012831902668	0.0902413086193974	0.0581757509199544	0.143026764841147	0.05951448775877	0.0622965644934242
"TCGA.E1.5303.01A"	0.148515749670353	0.0285622082000235	0.267282050060201	0.0194935182435563	0.0659275777021104	0.18658333408878	0.00914960596282668	0.0150904129020952	0.173819427106177	0.0855761160638762
"TCGA.DU.7302.01A"	0.118360016576311	0.0852379128476398	0.00094177604819932	0.0964151097252734	0.185057798079837	0.104076361584513	0.187154097426919	0.190932487162973	0.000546041866542511	0.031278398681791
"TCGA.HW.7491.01A"	0.167923667618099	0.0515512928530812	0.0316438623993499	0.0545684612876383	0.176916495668225	0.101561036617881	0.228439931611559	0.164913217302802	0.00715449079574384	0.0153275438456204
"TCGA.RY.A83X.01A"	0.0825236764245369	0.0492525077617489	0.00120481856206618	0.0846449720880299	0.214248408102082	0.100232378204343	0.138500598174295	0.295166456161491	0.00522450429294557	0.0290016802284608
"TCGA.FG.5965.01B"	0.107768920496971	0.0653664179590505	0.177199782752584	0.0841296517999388	0.0803281005847387	0.182976114145419	0.0741935435948791	0.0600142246513541	0.0708533914746055	0.0971698525404591
