"ID"	"CE1"	"CE2"	"CE3"	"CE4"	"CE5"	"CE6"	"CE7"	"CE8"	"CE9"	"CE10"
"TCGA.J8.A3YE.01A"	0.0516044850537688	0.0777003676926835	0.007945597986836	0.0669552102799288	0.148173236637398	0.0261246642079173	0.25516646463979	0.342123300572633	0.0242066729290117	3.39920686983335e-14
"TCGA.BJ.A28W.01A"	0.0605423651409801	0.0200620725641798	0.040945177818355	0.0533975625335927	0.0651915933782724	0.0425701557207269	6.07852913329112e-15	0.0186013345522083	0.248563513497486	0.450126224794192
"TCGA.EL.A4K9.01A"	0.177162112144093	0.082136817714926	0.0760748678081398	0.0904279926293594	0.104399373730143	0.206382077210084	0.0453020120470372	0.113447678626632	0.062146034003006	0.0425210340865782
"TCGA.EL.A3ZQ.11A"	0.0413539371406199	0.0849862477983651	0.0300805694066815	0.0992504145734674	0.138269083446686	0.249467135249631	0.064215921131351	0.168089424333737	0.0259656231393208	0.0983216437801413
"TCGA.BJ.A290.11A"	0.0634275492579999	0.0246217234551825	0.00342264733456924	0.0504274327675571	0.140795726128804	0.337606234624647	0.178043123678591	0.182852090594192	0.017454027052402	0.00134944510605533
"TCGA.EM.A1YB.01A"	0.127430787308401	0.0154766364476785	0.00533233730512517	0.24410006451882	0.2509699446134	0.178453997574232	5.35915379413433e-14	0.17234809520538	0.00335291942531013	0.0025352176015985
"TCGA.DJ.A4V0.01A"	0.0627729524621958	0.0345797542402022	0.0543121996709261	0.0555309157378046	0.116296401237696	0.102496134317628	0.0220181364507105	0.101550004942834	0.186087005053917	0.264356495886085
"TCGA.EL.A3T2.01A"	0.0200246452210411	0.0616091391484178	0.0109832810690458	0.0543122896614153	0.154853786324705	0.148723936597937	0.25206188697214	0.295886301428949	0.000353637064121733	0.0011910965122275
"TCGA.EM.A4FU.01A"	0.0048451085318247	0.0147719154827814	0.0073410888110988	0.181031219183655	0.290184175239064	0.247000844213602	0.0127083540138285	0.221011812925784	0.000575386991495225	0.0205300946068663
"TCGA.BJ.A3PR.11A"	0.0438494539841607	0.0174688084625905	0.0378604479156979	0.0961000873034246	0.0682944580115294	0.0848892178960509	0.0226160351507806	0.0480489887861457	0.215054357767574	0.365818144722046
"TCGA.FK.A3S3.01A"	0.155771397468643	0.119759965418612	0.00804076356019387	0.0937898995637858	0.122182044032197	0.228946209808234	0.105029467503875	0.136015616090375	0.0210703713131393	0.00939426524094479
"TCGA.BJ.A3PU.01A"	0.0994108708631866	0.238279187161318	0.26477607411203	0.122966807039181	0.0498830384174884	0.024328904575119	0.000379912430118834	0.020184243058435	0.127649882039835	0.0521410803032879
"TCGA.FE.A23A.01A"	0.0484070183174797	0.0533534827111501	0.0930458941035625	0.0328425307548687	0.0500329690926381	0.00149192029550026	1.87936920666172e-14	0.0224072205400202	0.443749328814582	0.25466963537018
"TCGA.FY.A3ON.01A"	0.186756022520608	0.127972314989664	0.089400795525948	0.0334842780570343	0.0391089971014431	0.0592547517800455	0.142904034079303	0.108886429072998	0.115959664239925	0.0962727126330306
"TCGA.E8.A44K.01A"	0.214652115242171	0.180225142264847	0.142383467329329	0.0817292834997085	0.0982540430507397	0.0483499341633295	3.76344371076179e-14	0.0247963127777238	0.122749110577474	0.0868605910946405
"TCGA.KS.A41J.11A"	0.0421389321704869	0.0383211074078638	0.024092202583683	0.0269321071913461	0.124720341624636	0.19546870494848	0.112361361144134	0.218862120583436	0.0926234231541969	0.124479699191737
"TCGA.FE.A3PD.01A"	0.123400944274728	0.0618138701426144	0.0780334483811996	0.0596786019436497	0.0705123003960256	0.0675300947983111	0.107692691135733	0.150916140696308	0.21272848646546	0.0676934217659705
"TCGA.FY.A4B3.01A"	0.271249468965717	0.21660922248222	0.0802092823300527	0.0422159369868307	0.115756563679672	0.0384794161820927	0.0914030102909036	0.124065258310247	0.00322076962960897	0.0167910711426558
"TCGA.BJ.A28T.01A"	0.110988202025276	0.0217354039023742	0.10648030503719	0.0469452238542066	0.0469264038787682	0.103867148145744	0.0152138055636498	0.0343150247728361	0.235226115617391	0.278302367202564
"TCGA.EL.A3ZP.01A"	0.189991174697138	0.176637745268875	0.10504925412734	0.0321523063561737	0.0440929246934095	0.0171818578638453	0.00433861542614357	0.0660018119550401	0.199992983082812	0.164561326529222
"TCGA.DJ.A1QE.01A"	0.306397463251585	0.215564313210837	0.115373277665405	0.0187928241191256	0.104660458501607	0.0240500455325215	0.090342600931646	0.0374877280153297	0.035756748587654	0.0515745401842893
"TCGA.EL.A3CS.01A"	0.269974980551315	0.164757623640868	0.111148027562415	0.0490141195284178	0.113270724251244	0.0906198315986412	0.137214197209519	0.0571934007852901	0.0031069574315937	0.00370013744069623
"TCGA.BJ.A2N9.11A"	0.0741595932295678	0.022502926380842	0.0840170883409325	0.0227732534912282	0.0701102689138459	0.108916042110136	0.0149168658988021	0.0522587908940751	0.210184603708216	0.340160567032354
"TCGA.KS.A4I9.01A"	0.145740114281235	0.144709533717869	0.257517524156048	0.10167366574572	0.0716351779797043	0.0207994417311217	3.55475851877982e-14	0.0593108855597321	0.153150917286748	0.0454627395417858
"TCGA.EM.A3AI.01A"	0.0235198818883599	0.0169122387852308	0.00581596344769349	0.0709288083935516	0.177997403370875	0.178406223032302	0.183587760252062	0.340273052046249	0.00255866878366345	1.26139693054178e-14
"TCGA.DJ.A3UK.01A"	0.119487998269382	0.0218639638116852	0.0684048276432693	0.0411399278824682	0.106517403554859	0.1970975453212	0.135276591323653	0.252112938401348	0.026515770593517	0.031583033198618
"TCGA.BJ.A2N8.11A"	0.0278026139876662	0.0133778966601512	0.00165395244788539	0.080226917404067	0.115048481586616	0.192962455502433	0.288275698700884	0.278766575365836	0.00177857025147506	0.00010683809298585
"TCGA.EL.A3GO.01A"	0.0713447994121458	0.0450964644603211	0.0198756933743594	0.0935024614854222	0.114777567143929	0.232796176258965	0.134781700157819	0.238603190448133	0.0426139015300856	0.00660804572882002
"TCGA.E3.A3E2.01A"	0.120951008786906	0.0587872047988646	0.0307853236802574	0.0473695555883601	0.0883067062766714	0.0554019481201519	0.0229066066010177	0.0523260694117476	0.175721632211675	0.347443944524349
"TCGA.BJ.A192.01A"	0.00128629826363644	0.121775146210528	0.0441056116756849	0.161470292765996	0.208760424906318	0.0837418671194821	0.124669362625845	0.217419057665737	0.0260285806699292	0.0107433580968432
"TCGA.EL.A3T6.01A"	0.0939131040274179	0.101618166105206	0.220243225248987	0.0206451939324547	0.0607379013307349	0.00535121365504027	0.00104320162807522	0.0120799392178674	0.341017779420164	0.143350275434052
"TCGA.IM.A41Y.01A"	0.0294381911341982	0.309280982785581	0.0928249310410258	0.0458192912891106	0.295837312560631	0.109515949388397	5.22311369681092e-14	0.0908062779316162	0.0264770638693253	6.2941971967102e-14
"TCGA.EL.A3T7.01A"	0.153046753635268	0.131358031186	0.235879457864344	0.0508853160304854	0.13522455689229	0.0918812166525212	0.0703108130281374	0.0928684008075095	0.0303478442433177	0.00819760966012588
"TCGA.EL.A3ZS.01A"	0.125494763647691	0.0954419492635561	0.104543248494394	0.0498758019586122	0.0644913989671364	0.0825074340082387	0.0364579828579971	0.0697758217707482	0.128989889561295	0.242421709470331
"TCGA.J8.A3YG.01A"	0.134081005124449	0.212602073843327	0.167478636040009	0.0643987925344194	0.122358723694148	0.0487900619298776	1.25664711075091e-14	0.103657822263813	0.0773377924833018	0.069295092086642
"TCGA.BJ.A2N8.01A"	0.0683072122766718	0.123059070045348	0.0646395467427409	0.199116273313659	0.0972823563639689	0.0982249255741051	0.132465623779428	0.19651620514514	0.00581699457828028	0.0145717921806589
"TCGA.DJ.A2Q9.01A"	0.227494799837654	0.193299112341089	0.099284561275725	0.0300879873152457	0.0696467252492157	0.0333695623818411	0.0379147495153536	0.00676103824534544	0.0973275125795165	0.204813951259014
"TCGA.EL.A3CV.01A"	0.260792853018758	0.0661192324968453	0.154542701184498	0.0183395937979243	0.033224718991221	0.0842079415403676	0.0404560158672371	0.00178077895110047	0.18979814576282	0.150738018389228
"TCGA.DJ.A3UW.01A"	0.143359617793972	0.0601221236954872	0.132472564608058	0.0160198323664191	0.015967768235894	0.012501555471689	1.14499133257022e-14	0.00250705012649749	0.279633413078467	0.337416074623504
"TCGA.DJ.A1QL.01A"	0.0275045910028867	0.0272579599790214	0.00494597557173226	0.0973243326178091	0.177150509663745	0.217697105605937	0.117339245103634	0.301277814392664	0.0214602966216562	0.00804216944091355
"TCGA.EL.A3D0.01A"	0.416213881772788	0.0605733292962993	0.0134891318740141	0.0379440738313682	0.123605323050865	0.186271198709854	0.025893298411308	0.125377076727562	0.00830485040413715	0.00232783592180322
"TCGA.BJ.A2NA.11A"	0.0661246563261543	0.0318699270599023	0.00558893210449109	0.0172272682867202	0.127654539529041	0.158480091149904	0.0685740177963222	0.0970519182844891	0.134557752259185	0.292870897203791
"TCGA.EL.A3GZ.11A"	0.0508513585607305	0.0160686919226145	0.0106685216865436	0.0223869247806419	0.0989987660510113	0.291447814170075	0.262118824499855	0.24041568514611	0.00667936296235117	0.000364050220067265
"TCGA.EM.A22P.01A"	0.18572689818943	0.0456008993878042	0.12625289229164	0.0381402647932085	0.0680501049347566	0.117616106990946	0.0362777883918831	0.0254318598651612	0.102625718543157	0.254277466612014
"TCGA.EL.A3N3.11A"	0.0721653377812918	0.0488487334809456	0.0476423497562791	0.0209919515821773	0.0703944452723683	0.117745647844324	0.116877636819595	0.110474544871203	0.107055529539159	0.287803823052656
"TCGA.FE.A3PB.01A"	0.329622792899881	0.0992908960008276	0.084273119114068	0.0322185252720361	0.0317078721048096	0.02665882040039	1.2271288262767e-14	0.0133391102973939	0.185150470922113	0.197738392988469
"TCGA.E8.A418.01A"	0.0680198311030012	0.210458751143236	0.0902668802553418	0.136031731453369	0.0901186360686191	0.00965423576862507	0.0517507893721244	0.0797487169374934	0.236223292005629	0.0277271358925619
"TCGA.L6.A4EQ.01A"	0.0950729929246142	0.162998633651223	0.0188436725618421	0.100477372376557	0.200632622628667	0.0625597417119905	0.0290667692883262	0.278659691260294	0.0417078009914279	0.00998070260505821
"TCGA.E3.A3DZ.01A"	0.0341977390250692	0.0560006097113055	0.00761469365802933	0.0383505814303829	0.125912699449647	0.14978155277773	0.208820172342744	0.374075467170302	0.0012083240936474	0.00403816034114312
"TCGA.ET.A40T.01A"	0.166703431523559	0.104003127641125	0.117846314699287	0.0572507805509156	0.0622894183359139	0.085811362472314	0.0319295669475075	0.0996023019291239	0.133580668700432	0.140983027199822
"TCGA.EL.A3H2.01A"	0.0208882976335497	0.0436061029233397	0.0307046169775765	0.0619780248881813	0.0709902890065688	0.160566478807347	0.229176846659832	0.310375236359463	0.0564898572587401	0.0152242494854017
"TCGA.DJ.A3UV.01A"	0.195805719934012	0.0608972928469919	0.0524788275459557	0.0537326253927979	0.108439456788438	0.169073250950662	0.0831123927731694	0.11303548391229	0.113431715312911	0.0499932345427726
"TCGA.EL.A3CY.01A"	0.139425604367946	0.0922636775762356	0.148089440225771	0.0386580804747032	0.0785833751763851	0.0994598517640831	0.0104737252958168	0.00819072212441074	0.142277334726884	0.242578188267765
"TCGA.ET.A39P.01A"	0.331796869462527	0.188643066375779	0.0883484463807165	0.0915623682403648	0.10436319406657	0.026259344051554	0.0920783483304915	0.0483629992760328	0.0263078698691581	0.00227749394680674
"TCGA.DJ.A4UW.01A"	0.214988470979672	0.118295366664888	0.0647135463272453	0.0659403705725167	0.12851383409294	0.249843216563443	0.00456468108413831	0.0519410976572662	0.0248274052197975	0.0763720108380932
"TCGA.EM.A22I.01A"	0.313667071065554	0.220405831011965	0.22764743898338	0.0366727360312879	0.0272526159787295	0.0603931029785691	2.87321542433542e-14	0.0277198289132064	0.0457221191811191	0.0405192558561599
"TCGA.FE.A233.01A"	0.186672527321872	0.222402971356048	0.0300368164536368	0.0431677997265312	0.0833779822137107	0.0371915822148064	0.280238513342265	0.0911628774358256	0.0221857605600693	0.00356316937523504
"TCGA.EL.A4K6.01A"	0.00388082836311177	0.0492963798138264	0.000520428536106496	0.133838055254667	0.164029523093579	0.0490226477744576	0.012663786534109	0.573378830981017	0.00563071307893153	0.0077388065701935
"TCGA.DJ.A2PS.01A"	0.182841219183274	0.0249292944344076	0.0544311620336714	0.018371615484384	0.0812352027784047	0.134261335517567	0.182262135903455	0.0851707967373505	0.0866706645894418	0.149826573338044
"TCGA.DJ.A4UL.01A"	0.094441833439007	0.0705266736396917	0.0849185881319479	0.0785981588352261	0.129742530228308	0.0770902086845869	0.039333612553589	0.164495378761926	0.200413298548572	0.0604397171771453
"TCGA.EM.A3SX.01A"	0.106535168489543	0.0560805802847913	0.0318484727057119	0.0453810585652483	0.11193277668573	0.224552644534434	0.176959538439206	0.219622940869976	0.00807141370496074	0.0190154057203999
"TCGA.EL.A3T8.11A"	0.0512762072555131	0.0363781563990895	0.0137157301944499	0.0608213016846774	0.147120397644308	0.2967864777233	0.127040971899239	0.253942450356155	0.00703245991604868	0.00588584692721902
"TCGA.EL.A3TB.11A"	0.0750034893897638	0.00821674089247833	0.0133695112598615	0.0371582358924145	0.0908582163705678	0.379157389390288	0.172934376818315	0.169886782645055	0.018289168887259	0.035126088453997
"TCGA.DJ.A13M.01A"	0.0142112463987637	0.0537307643871172	0.00322159146674362	0.164666274896479	0.207359405823973	0.102131320358069	0.152793046137726	0.290363734263976	1.98943789902364e-14	0.0115226162671325
"TCGA.J8.A3O1.01A"	0.0996352796368733	0.168079422505182	0.0329213490015862	0.0186762928080912	0.0556897348661927	0.0460818517562085	0.394246638413818	0.171300930793696	0.0112136776823889	0.00215482253596311
"TCGA.EL.A3D5.01A"	0.0762112352657874	0.0567288493383158	0.000584562006534187	0.0443583540001536	0.179039268778916	0.166929606040121	0.173848391267878	0.273793269427693	0.0255888237759671	0.00291764009863364
"TCGA.BJ.A290.01A"	0.238510012632602	0.0529791809919946	0.00365025587951637	0.180679806465038	0.135923432857088	0.105151668975251	0.0761818972167369	0.199819046528909	0.00260984953929464	0.004494848913568
"TCGA.BJ.A0ZF.01A"	0.0609236224673414	0.0739503586377212	0.0383805214204695	0.123722086812454	0.150363496358167	0.148388551220702	0.175781836397024	0.207976468126435	0.0165363547804176	0.00397670377926822
"TCGA.EL.A3ZT.11A"	0.0268117167768579	0.012205465283121	0.0043463856018793	0.0515862703434529	0.147908790872301	0.263590894551972	0.135812339006185	0.34383901147862	0.0114637233402129	0.00243540274539772
"TCGA.FY.A3R7.01A"	0.109626287969417	0.0520161998540175	0.0657930599594671	0.0377332398228871	0.0988801281989222	0.215723376127549	0.117905483655926	0.09248066922459	0.111742042749512	0.0980995124377122
"TCGA.KS.A4I1.01A"	0.052603206169845	0.139204486348874	0.00470222943282539	0.296377290798414	0.246931449183309	0.01630573661146	0.00713791494692905	0.201618857052616	0.0129292418898536	0.022189587565874
"TCGA.ET.A39M.01A"	0.110256802526256	0.0532046007594998	0.147662641744069	0.0610020826962582	0.0879940050164295	0.0205079108543378	1.03203580704945e-14	0.0170811173503203	0.280364261803056	0.221926577249764
"TCGA.BJ.A190.01A"	0.00406935400857348	0.052831116176517	0.000229426096366161	0.0772804968680722	0.195474598242066	0.0925866927966473	0.184392463547911	0.389306788430046	0.00268060880976037	0.00114845502404107
"TCGA.E8.A413.01A"	0.291764083521064	0.0738787891601108	0.138426659247497	0.0280858112513945	0.0786681800226531	0.128867793070187	0.0353150951209146	0.0338909589060476	0.104696678560008	0.0864059511401223
"TCGA.CE.A481.01A"	0.177647468598292	0.0437279564991241	0.0416885163520387	0.0519284792783423	0.0610533449292724	0.102364280601072	0.0585501327791906	0.124622729614694	0.146055771001243	0.192361320346732
"TCGA.DE.A4MD.06A"	0.176315480432983	0.139765719487659	0.0396189994415557	0.0814530364430675	0.160550116579333	0.219183597314442	1.44946592326118e-14	0.00806374432598608	0.0310529413551245	0.143996364619834
"TCGA.DJ.A4UR.01A"	0.0257564811959969	0.0333735855673359	0.0126177237487263	0.104173789528112	0.265253730513196	0.203351559472231	0.00856566269870949	0.25137891072277	0.0440311339738714	0.051497422579051
"TCGA.EM.A22M.01A"	0.104253174133645	0.0177350421736282	0.175088847811234	0.0327913078226362	0.0425889607550195	0.000154140731078015	9.39497275323497e-15	0.00708533211565043	0.370048239915329	0.25025495454177
"TCGA.DJ.A3V8.01A"	0.195342866635272	0.302290541275811	0.182881139364863	0.0469617187806309	0.0964783677675983	0.0515519672523377	0.058408776847106	0.0318647163288979	0.0203080740489192	0.0139118316985632
"TCGA.EM.A1CU.01A"	0.206277707774826	0.194805840423686	0.175590766180367	0.0358215822848568	0.0718707557181147	0.0452653192642061	0.113399533200635	0.113445516414507	0.0354532192795295	0.0080697594592719
"TCGA.DJ.A3V2.01A"	0.106056061068151	0.0361037879595777	0.125432366452997	0.0220138586168305	0.0554495571311683	0.0315650217867133	0.0121052518109933	0.0345570577307853	0.29132928688861	0.285387750554173
"TCGA.FE.A230.01A"	0.153368329488276	0.06869685433166	0.0884400818744793	0.00882727422954574	0.0538760531276083	0.00493385616583604	0.0348056140990506	0.0185648403869512	0.39329560542593	0.175191490870663
"TCGA.DJ.A3VE.01A"	0.181180149036845	0.139595224159777	0.0140490630595509	0.0699057805702352	0.0991739415891751	0.203451577922187	0.120535216321778	0.146992697589069	0.00294953214362503	0.0221668176077571
"TCGA.ET.A3BV.01A"	0.326559177986127	0.210723542640203	0.0513344282019594	0.0190062765908672	0.113900139257847	0.0308660167922699	0.0314811701175611	0.0189707672063372	0.0767821549208871	0.120376326285941
"TCGA.DE.A0Y3.01B"	0.162511941642617	0.229970963396049	0.00699139055773131	0.0672675665526347	0.0687462261300559	0.0604744648901235	0.257104426155687	0.127290647437281	0.0150201267096917	0.00462224652812918
"TCGA.EL.A3CX.01A"	0.122072017278307	0.12188330814553	0.0871106121373912	0.132325426067324	0.263110227825024	0.0579053127743133	0.0274104065441494	0.153523934027575	0.027622031292082	0.0070367239083046
"TCGA.IM.A3U2.01A"	0.298075137594706	0.294147185435804	0.0320191607511813	0.151571980928138	0.14969141535498	0.0364379953118149	2.70586005053816e-14	0.00825204660985162	0.0169346509460631	0.0128704270674356
"TCGA.EM.A4FR.01A"	0.00387742075022481	0.0350367913880481	0.0275448180483124	0.211254458418985	0.242704938482167	0.0539324561287184	3.26834924929972e-14	0.393493277018334	0.015748209974044	0.0164076297911335
"TCGA.EM.A1YA.01A"	0.0394542218601299	0.0494276357108817	0.0217040971884799	0.10615122909566	0.296004964167367	0.157386359054101	0.0553188774028417	0.266810079620009	0.00626644873046807	0.00147608717006255
"TCGA.DO.A1JZ.11A"	0.0406814518694647	0.0218084988687346	0.00484555318446206	0.0353971478150936	0.133084873963444	0.204978487101218	0.241075880579979	0.306760539849632	0.0100263263613156	0.00134124040665688
"TCGA.DJ.A2Q0.01A"	0.0908036575911563	0.069212375917259	0.000583907690731629	0.133590632041083	0.246338354349663	0.209158014798113	0.0489317367720746	0.187947622698741	0.00845160557994494	0.00498209256123388
"TCGA.DJ.A2Q2.01A"	0.111823352310518	0.0132654581056514	0.142057642828589	0.0404665601604388	0.05134752649381	0.174666183942561	0.229935498791458	0.120764510673	0.0668526285038692	0.0488206381901045
"TCGA.DJ.A3VF.01A"	0.37614329295755	0.0911046148781482	0.186433437185805	0.0677057450416326	0.0209660620586568	0.0537891031132704	8.33676654631896e-15	0.00445047738625489	0.118281026888879	0.0811262404897945
"TCGA.BJ.A2NA.01A"	0.210349431060457	0.1475120678607	0.162138676252732	0.0475887239194749	0.0710531448790099	0.123822565253432	0.083071439144218	0.0203767036392076	0.124993297556931	0.00909395043383745
"TCGA.EL.A3CZ.01A"	0.0547844167747413	0.0236140930977588	0.0649122091273189	0.0271847144164183	0.0847690568068256	0.169407180592166	0.296372004852756	0.274790406270454	0.00193672391735901	0.00222919414420162
"TCGA.EL.A3CW.01A"	0.0733853589525306	0.0547490287795608	0.0516730524554447	0.282719715297336	0.0762601304620756	0.0710057374955677	0.0352045430474297	0.0380492830089099	0.0890919223366086	0.227861228164536
"TCGA.BJ.A0ZH.01A"	0.0793863791105086	0.1307404483896	0.201594356252726	0.142827565945991	0.170505337905133	0.0621924072601984	4.03986187044843e-14	0.0419496973663172	0.103133526015026	0.0676702817544596
"TCGA.EM.A22Q.01A"	0.0163773428568845	0.0699387509487383	0.00276448253551379	0.209267358220391	0.296897717141991	0.144292290038195	0.00176137211290779	0.2149838278193	0.0366276644907572	0.00708919383532124
"TCGA.BJ.A2N9.01A"	0.0194595253317049	0.01713809692583	0.113344606100737	0.0586263898329218	0.125410213809266	0.0262245288984025	0.0788038198655355	0.163399203026437	0.337386666237191	0.0602069499719747
"TCGA.DE.A0Y2.01A"	0.182124773076097	0.168187990556144	0.17108674218705	0.0334620494023551	0.0537499484428412	0.0487497200429854	0.204410045994793	0.0726234079959803	0.057026559868745	0.00857876243300841
"TCGA.DJ.A3V9.01A"	0.162511618920225	0.0750232051985212	0.114499348988747	0.0415243731149484	0.0925849422115371	0.182754777993167	0.109770250775294	0.125082823440734	0.030524601863911	0.0657240574929155
"TCGA.BJ.A18Z.01A"	0.431649858735489	0.144697711128637	0.078890987496986	0.0581854225222946	0.0923360852413977	0.0119820689424275	0.000527661772882358	0.0330391586982229	0.0824522331893737	0.0662388122722898
"TCGA.EM.A2OV.01A"	0.0417212565415709	0.0144510141472144	3.50999709669268e-14	0.050942768282621	0.235045650135371	0.173221122242718	0.100272278467431	0.35767431774096	0.0266715924420421	3.70975481138765e-14
"TCGA.EM.A3O8.01A"	0.0163723184982907	0.00993755569101148	0.00402384953444006	0.0718051278188201	0.0920479235277629	0.157010009192632	0.251069155000123	0.392135223298124	0.00170416342689332	0.0038946740119027
"TCGA.E8.A432.01A"	0.181803370102722	0.0602962415356403	0.114760660290188	0.0943626694763209	0.097754301862739	0.16303704478277	0.101600892460861	0.106917777420688	0.0470810371441616	0.0323860049239075
"TCGA.E8.A436.01A"	0.185162998314559	0.0941541698439377	0.182530934507407	0.0253186551440193	0.0595237537558548	0.0572336474019111	0.0121434576775927	0.0578560861775448	0.227852884834471	0.0982234123427024
"TCGA.BJ.A45D.01A"	0.0404828673979363	0.0754650814493458	0.180435015204276	0.171652681343671	0.115648196259392	0.193917059021181	0.0181979824263003	0.0792742653111299	0.0581576334620214	0.0667692181247466
"TCGA.EM.A2P1.01A"	0.139695771193838	0.0639559267902335	0.104780104470472	0.0184917723963672	0.027230255282217	0.00398207453787876	7.9691327785232e-15	0.00719301126302274	0.278120896057178	0.356550188008785
"TCGA.EL.A3MY.11A"	0.0678187187597645	0.0260992141523004	0.0134860336617763	0.0347699233978007	0.127792317076626	0.309944539769235	0.211298603713608	0.206038400591096	0.00275224887778399	9.57659050275365e-15
"TCGA.EL.A3H4.01A"	0.267542427632181	0.176064785756674	0.145334374508856	0.0122607022294369	0.0460734376209621	0.0751915453269132	0.201049423391401	0.0531429942697254	0.0229717108294457	0.000368598434404715
"TCGA.EL.A3T1.01A"	0.223882196570619	0.169892650767405	0.147290379614984	0.0200905309845609	0.0260568310630232	0.00830322070876403	0.00951921906535461	0.0146995642956199	0.242468627089149	0.137796779840519
"TCGA.EL.A3ZG.11A"	0.0182547721169848	0.0127861246562903	0.0277805462576067	0.133285481462097	0.133768272873122	0.311927347704536	0.101351964414236	0.26084549051509	1.79707956711479e-14	1.91581822159189e-14
"TCGA.KS.A41J.01A"	0.0805893564630414	0.0806693018587911	0.245404066369639	0.0531959229430406	0.0982150096270031	0.00345146938504548	2.69187450558706e-14	0.0118929516613375	0.356842050055063	0.0697398716370123
"TCGA.E8.A419.01A"	0.0901144194511657	0.0631375222279861	0.156645752849957	0.0094804941765811	0.0160610855603416	0.00730827476163519	1.22195286764569e-14	0.0110227969534625	0.39903786787222	0.247191786146639
"TCGA.FY.A3NM.01A"	0.0212503009176244	0.012669899250892	1.48885140423368e-14	0.0602284311433747	0.162676997136841	0.104912425711564	0.278557523405572	0.357567899798605	0.00101521692164492	0.00112130571386694
"TCGA.H2.A2K9.11A"	0.0475165210564659	0.017504334151371	0.0424030831515134	0.0298717085104406	0.131519619302568	0.146311520431288	0.089278887995729	0.140782167296607	0.114547869125081	0.240264288978936
"TCGA.FY.A4B0.01A"	0.0559576237006216	0.0946413312554366	0.0722073602992506	0.118640466615584	0.183556948740441	0.0847288338781982	0.136458660111925	0.207336921144928	0.0346814522894512	0.0117904019641631
"TCGA.DE.A2OL.01A"	0.0349894211282737	0.0226791974976243	0.000458037339765448	0.109454066596179	0.141547435734279	0.121619432575676	0.215270865372219	0.349595670090332	0.00139808208243333	0.00298779158321741
"TCGA.DJ.A13T.01A"	0.123841914134933	0.0800085349237963	0.0291311707475078	0.0443924627860506	0.100267210965065	0.145050545484981	0.273752840059464	0.171025562520827	0.0278260256385969	0.00470373273877798
"TCGA.E8.A434.01A"	0.119715095547536	0.0952382322393244	0.0475579384823581	0.0488229304306678	0.107124175729314	0.177271974549451	0.157171941260856	0.194061187620358	0.0343987119483246	0.0186378121918117
"TCGA.DE.A0XZ.01A"	0.0979600688022836	0.0872600465832034	0.0713325379593003	0.106920932056893	0.0775552034990147	0.0341276664733568	0.0328887915848681	0.107757112679887	0.182813624806416	0.201384015554777
"TCGA.BJ.A28R.11A"	0.0859995542701746	0.0116827956922274	0.0246574821020705	0.0294983932838714	0.0781264909522494	0.166487902853307	0.0685199837580523	0.0758622555094063	0.181149309000718	0.278015832577923
"TCGA.FY.A3RA.01A"	0.113134082797023	0.175363785647818	0.0166874178526252	0.062363479066765	0.124341182972067	0.0854856948361994	0.258893250698358	0.138550734750559	0.0205412829279692	0.00463908845061492
"TCGA.DE.A4MC.01A"	0.163683027434736	0.132133289462348	0.190430640636723	0.0190929747344501	0.0309758988398929	0.00270233591283989	0.00159088687326711	0.0193386950646469	0.319877369656649	0.120174881384447
"TCGA.DO.A2HM.01B"	0.105346397044939	0.0985366736974901	0.160250993760167	0.0571936402671576	0.0461884677194628	0.0703604172866717	0.00960481236885415	0.0204424224699789	0.175124492657137	0.256951682728142
"TCGA.E8.A433.01A"	0.208600905371518	0.138777716910543	0.170593417215952	0.102204136167084	0.0624120564711521	0.125821404842985	2.09317413561515e-14	0.0137321917352577	0.108418621670566	0.0694395496149224
"TCGA.ET.A25R.01A"	0.340190629257599	0.128175534643672	0.124469751700865	0.0537144163309799	0.0899444878967076	0.0075275533741797	0.00690539565443083	0.0412585019692303	0.152982051364188	0.054831677808147
"TCGA.BJ.A3PR.01A"	0.101314442555072	0.0714513421185066	0.0861352536620201	0.027684229523137	0.0626812947024074	0.0194522703078388	5.75293933346147e-15	0.00476512927135599	0.256326836207257	0.3701892016524
"TCGA.FY.A40N.01A"	0.0515728683291543	0.0314207394674359	0.0230636931249183	0.0382654658820665	0.0518334660487785	0.0638196348654104	0.15196187882045	0.301173947087336	0.179188109836989	0.107700196537462
"TCGA.EL.A3CT.01A"	0.268245501717633	0.0955526152514396	0.244835523401099	0.0485312352048146	0.0599044444487082	0.131084884395018	0.0693824237486112	0.00184044014770836	0.0491759253808526	0.0314470063041161
"TCGA.J8.A4HW.01A"	0.115781312361158	0.164610956900177	0.00228103589059388	0.126771872863571	0.115124922449338	0.0554703711855183	0.166243938951969	0.251120333486908	0.0025952559107577	9.99663953397354e-15
"TCGA.EL.A3TA.11A"	0.0134992720148065	0.0570859482001273	0.0405945196755436	0.0698643791909836	0.165214310249894	0.184323453824477	0.170210383061834	0.281787245613718	0.0171044198417985	0.000316068326816409
"TCGA.BJ.A0ZB.01A"	0.273450308496101	0.297770676520451	0.00213342224376365	0.134408882773371	0.0781217230642466	0.0341907385588028	0.0126833073977947	0.126070420769596	0.0388228613485342	0.00234765882734019
"TCGA.ET.A39N.01A"	0.037796891708227	0.101896845009768	0.0122732437085698	0.202852658523588	0.141584563338814	0.129949693515143	0.125377288353498	0.222050375579596	0.0165550736297284	0.00966336663306851
"TCGA.DJ.A3US.01A"	0.0931526082532949	0.0449233660455334	0.0637285509072875	0.0455702044374002	0.0674555558685412	0.0464895249132751	0.0787407916524226	0.118516174209269	0.205964742242996	0.23545848146998
"TCGA.IM.A4EB.01A"	0.147804797330979	0.125997357146007	0.167523810491012	0.0199216759533028	0.0250299403045817	0.0177321848054615	1.53456886575715e-14	0.00938745083894802	0.221181785814307	0.265420997315385
"TCGA.EL.A3GS.01A"	0.156871317216542	0.217901477737717	0.0516424748765329	0.0355897416053768	0.0702110908875006	0.0456327087240457	0.250595690255993	0.0964363138336746	0.0697451934556039	0.00537399140701337
"TCGA.DJ.A3V5.01A"	0.421744363524697	0.0906068872467587	0.099002440185822	0.0345100461275393	0.0673376844330018	0.0490750233738884	0.0578774282035993	0.0633460318944347	0.070218236659657	0.0462818583506022
"TCGA.CE.A3ME.01A"	0.119243024388689	0.106587846373938	0.092685153267796	0.0181601643006303	0.133390710067597	0.0345424153071312	0.235256486742285	0.114992409576159	0.139026953373133	0.00611483660264253
"TCGA.DE.A69J.01A"	0.212411795137509	0.152298973758853	0.121766197726885	0.033270084393527	0.065874130376968	0.0312834788254482	0.222488368663482	0.0579311764653414	0.0604416385987527	0.0422341560532347
"TCGA.L6.A4ET.01A"	0.0631970904961425	0.138691155743623	0.00674393342000111	0.10851714574166	0.187445895156685	0.0797577318884555	0.0544095779081933	0.351576893737745	0.00573462694403019	0.00392594896346436
"TCGA.J8.A3YH.01A"	0.16308681287255	0.0646872784572437	0.0270891053510878	0.0306310124233706	0.123708775708383	0.196017458553438	0.141797020448455	0.223377367959799	0.00582290703995287	0.0237822611857205
"TCGA.BJ.A3PU.11A"	0.0480924419553902	0.0334872077077795	0.00982414634647569	0.044172365053686	0.106449384729554	0.261580571348653	0.235433282136837	0.249078160282396	0.00985823371889581	0.00202420672033358
"TCGA.EM.A2CP.01A"	0.0833471843183548	0.0451763951652083	0.0689972548477114	0.069893005060404	0.0477493835921761	0.0514708972738877	0.0435824271256772	0.0699759201820013	0.290239484095169	0.22956804833941
"TCGA.EL.A3ZH.01A"	0.0215854795216093	0.0407285050210182	0.0694843767611555	0.0416903764804662	0.106873520661296	0.133235960994609	0.229478694814645	0.33904628185828	0.0162302637895437	0.00164654009737792
"TCGA.EL.A3GY.01A"	0.179843116151185	0.124322339174804	0.236902475603203	0.0446015328276196	0.0695776334201148	0.0448008039602923	0.122223634701606	0.0289858460277852	0.0842226965360047	0.0645199215973867
"TCGA.DJ.A2Q4.01A"	0.228610924255398	0.156010834368847	0.0994566935008794	0.071193042055168	0.0621481788515365	0.0345792098281647	0.142017235869665	0.0772516422208553	0.0867116559588215	0.0420205830906643
"TCGA.EM.A2CS.06A"	0.190169226839099	0.0891731857298515	0.0254231514830915	0.13677527111288	0.146546524596598	0.178302230205004	0.0658749743349951	0.156446378995629	0.00610689080355354	0.00518216589929894
"TCGA.ET.A39S.01A"	0.159541897080001	0.142805042162502	0.0810483546542205	0.048476539715933	0.0794378408255727	0.229503216489673	0.164162240042769	0.0791147523216904	0.00449119805807446	0.0114189186495631
"TCGA.EM.A4FF.01A"	0.213824121689183	0.0778140224141406	0.2168744043181	0.0166830854581696	0.0602919119935854	0.0113902799030992	0.0024141890965183	0.0336640303514824	0.29630622569999	0.0707377290757317
"TCGA.EL.A3GZ.01A"	0.244161272740694	0.0715811239804675	0.0511897428726677	0.0405148084125686	0.124917936686645	0.0832848071421114	0.143410458477751	0.151461870550362	0.0544420304825412	0.0350359486541919
"TCGA.DJ.A13U.01A"	0.107361148934781	0.13042949962141	0.0190997715829306	0.0703477196528152	0.128137562452105	0.0589171869875684	0.220032243904703	0.201476167583079	0.0592726742164284	0.0049260250641807
"TCGA.FK.A3SE.01A"	0.154190420664601	0.204262382581439	0.132341013161834	0.0577531299089048	0.0550224335091766	0.0878560051479774	0.204443217467719	0.0984954722229519	0.00336424699296525	0.00227167834243169
"TCGA.J8.A4HW.06A"	0.058948846018199	0.124924017451421	0.104990187540877	0.155236330999746	0.0734696814777168	0.0555063511487867	0.0277059358377128	0.0615077474123579	0.0743073600298261	0.263403542083357
"TCGA.BJ.A28V.01A"	0.0492727415970479	0.00348848070483671	8.74954596226304e-15	0.0688184542533159	0.155816785782571	0.154920332410055	0.212845024211771	0.341749015305201	0.00660879051043729	0.0064803752247556
"TCGA.DJ.A3VL.01A"	0.0295458510946113	0.0121278788447155	0.0906998266811548	0.0662289387886635	0.0720869737232191	0.152247717902961	0.000928368142285397	0.0774374509268418	0.262422737819743	0.236274256075805
"TCGA.DJ.A3V4.01A"	0.22770390482575	0.0831043046765699	0.0478112767329956	0.0424499456589618	0.115708083216271	0.184857795746535	0.108844642284575	0.0864630538877318	0.0841825844779397	0.0188744084926699
"TCGA.EM.A4FK.01A"	0.03895179261291	0.0490940974093704	0.00395626939894377	0.0265168496347351	0.129591877300363	0.106376038077579	0.306197887513564	0.338599389299287	0.000135786991593695	0.000580011761654971
"TCGA.EL.A3CP.01A"	0.241939862406026	0.0852790806182054	0.0220849589735253	0.0356290924784915	0.0900147133248758	0.0977406663786124	0.19289075060013	0.221481108429435	0.00888985985337721	0.00404990693732122
"TCGA.ET.A3BX.01A"	0.13264673898324	0.195856435031921	0.210534140405766	0.0762625679002857	0.0603889652909993	0.0365677933501465	0.169147512528043	0.0563660917263924	0.0458133564948462	0.0164163982883606
"TCGA.E8.A2EA.01A"	0.167281235455118	0.0776676670433127	0.1831969990802	0.0426524621374049	0.0182791306695248	0.00755373485319178	0.00383557664818573	0.00635588517253734	0.33816816519733	0.155009143743194
"TCGA.J8.A3O2.06A"	0.109668417942929	0.0903346769726033	0.0720642604369589	0.0677320544471105	0.114842832276395	0.0968518750865121	0.119302235090157	0.271701403457842	0.0471526319636648	0.0103496123258277
"TCGA.E8.A416.01A"	0.0580219303344679	0.0509243663357448	0.016281425932716	0.0594835067727618	0.126659485712869	0.256358059544689	0.105371455627568	0.204702991626633	0.0414117567912509	0.0807850213213
"TCGA.EL.A3GU.01A"	0.444000334375309	0.172888220950284	0.104765663460228	0.0425521012907706	0.0544592219038767	0.135274451449777	1.50961525963488e-14	0.00883361847601169	0.0160163255289064	0.0212100625648205
"TCGA.EM.A1YE.01A"	0.0261806951767749	0.034105200227118	1.90997516103757e-14	0.0852557126729807	0.214541971101508	0.159259931827001	0.0999058163939246	0.366560127117244	0.0141905454834108	1.88741986102972e-14
"TCGA.ET.A3DV.01A"	0.0315735665328981	0.0207534554284003	0.00236349961222518	0.111336615177804	0.212165840097916	0.0801576387450913	0.234545091881632	0.291057835919624	0.0160464566043929	1.56099449616167e-14
"TCGA.DJ.A2PP.01A"	0.0494741734401588	0.0469917967525422	0.00372515864879079	0.0440577513917942	0.171986999913852	0.136749855082637	0.248394442254737	0.295019167300433	0.00177991409772655	0.00182074111732878
"TCGA.EM.A2OY.01A"	0.0310516245138852	0.0439438834194848	5.83606305728753e-14	0.155577265928221	0.169874932990669	0.0806167265691825	0.061795223064568	0.4277514425044	0.0213525298166213	0.00803637119290987
"TCGA.EM.A3AN.01A"	0.215182686920435	0.0945447371057871	0.0191816868063701	0.0583909776628913	0.0438236500951694	0.127522430319949	0.24685794059477	0.127687779077253	0.0485762791654665	0.0182318322519092
"TCGA.BJ.A28R.01A"	0.155391505084659	0.0754115748806513	0.114093570774934	0.0265878185682612	0.0431638404222136	0.0145214044576378	0.0754440303522962	0.0443289223073843	0.288241986432211	0.162815346719752
"TCGA.BJ.A2N7.01A"	0.035211621782429	0.0999073972115222	0.00673611614948808	0.180965100565655	0.108800790890604	0.14899195078129	0.162017275509627	0.254580048625528	0.000281550343107013	0.00250814814075011
"TCGA.EL.A4K1.01A"	0.136473117061481	0.0958480029098988	0.142011392668099	0.0711076564030641	0.0628602612453157	0.197836174020524	2.02841940203184e-13	0.122774030885008	0.135261642797341	0.0358277220090646
"TCGA.BJ.A3F0.01A"	0.110126538253372	0.0314415597171441	0.00771231373672839	0.0714933938104581	0.167857030146437	0.321134120853469	0.0576086317551307	0.185844724428809	0.031666796970731	0.0151148903277211
"TCGA.BJ.A18Y.01A"	0.0426964684235003	0.0294761030967707	0.0130377457011946	0.0828944690729244	0.122039410933461	0.218542383267322	0.161613545460838	0.327294932302576	1.23970673919716e-14	0.00240494174140141
"TCGA.KS.A4IC.01A"	0.1326146213642	0.143802326306602	0.0642543078950727	0.0887847479392148	0.200546270500611	0.0765951116720979	6.06713431180055e-06	0.162160672485813	0.0804263616760555	0.0508095130260208
"TCGA.ET.A3BW.01A"	0.135540723482404	0.0192429371176605	0.000442269307980876	0.0490832157186145	0.0859099925604294	0.108747983331231	0.291958218846026	0.294569151300061	0.00466316865065996	0.00984233968493233
"TCGA.FE.A22Z.01A"	0.385865502603453	0.245546914636867	0.164293350586261	0.0658570670721922	0.0401230854184595	0.0430213327192168	2.19909829223716e-14	0.021244325327724	0.0223921330094218	0.0116562886263827
"TCGA.EL.A3ZO.01A"	0.203490117461691	0.151719719549808	0.134532649145521	0.0806476795070304	0.0539981932486102	0.0136571317507273	9.24318005320962e-15	0.00286101964228475	0.198436295970491	0.160657193723827
"TCGA.DJ.A13O.01A"	0.0593176277924284	0.0743602119099174	0.0848732762893398	0.0442925365697575	0.136667919193225	0.073082718201857	1.39616204809688e-14	0.057248077415407	0.174476708674442	0.295680923953613
"TCGA.EM.A3SU.06A"	0.111170773517112	0.146185013085732	0.13864024881796	0.0301823533051671	0.0578901773648786	0.0148276332714548	6.69131447925639e-15	0.004171586108572	0.167687413965372	0.329244800563745
"TCGA.EM.A4FH.01A"	0.0188446710782455	0.0154122505285138	0.00145656387065272	0.0496547479679126	0.108317519738656	0.176946973142931	0.215270729586453	0.407743784973673	0.00396040600241584	0.00239235311054696
"TCGA.EL.A3ZS.11A"	0.0418406849345142	0.0637701435475048	0.0986888550856838	0.0976518784003922	0.114163442709579	0.0363229725437167	4.16145456757609e-15	0.0340657172285391	0.17505123930474	0.338445066245327
"TCGA.IM.A3ED.01A"	0.189207916651107	0.0970630129690685	0.154276210366428	0.0319578531958245	0.0480621249303347	0.039188392636914	0.110458672294881	0.0426726777878647	0.119070909376569	0.168042229791009
"TCGA.EM.A3AQ.01A"	0.120780840861125	0.142519961764616	0.00778948825970978	0.103087312058931	0.119051857448254	0.285212949846143	0.0364485335783409	0.136379014859218	0.03336910633982	0.0153609349838428
"TCGA.DJ.A3UU.01A"	0.187757512466537	0.0302012161697934	0.102079132791804	0.0357798215109842	0.100112499990733	0.094045945212103	0.0842174106228753	0.129146153751249	0.120183481009077	0.116476826474844
"TCGA.H2.A3RH.01A"	0.0366985467306694	0.126493594747749	0.00878560369676422	0.12037326578004	0.153735717848489	0.105758778443112	0.140321368785624	0.292559244844036	0.00312629992813464	0.0121475791953819
"TCGA.DJ.A1QN.01A"	0.159740771484541	0.0570541774113458	0.0949424554214351	0.0668903135597915	0.139826937714498	0.0682587718525948	0.123073225755336	0.143911606085287	0.0963165009547675	0.0499852397604042
"TCGA.ET.A39K.01A"	0.114521037757871	0.195772997603971	0.254224456154314	0.069509403348383	0.0818659906925873	0.0884736030671693	0.00232583055709853	0.0281767409738445	0.119310835240301	0.0458191046044601
"TCGA.ET.A3DU.01A"	0.126028964962791	0.0338920827859007	0.152382220853581	0.00725707273749834	0.0273911042888958	0.000315431046173146	8.97295743348728e-15	0.00321606878579662	0.374611456365069	0.274905598174286
"TCGA.EM.A1YC.01A"	0.0317362241365741	0.0364456961642101	0.0219763870962387	0.0895955626592122	0.354574427799303	0.0596949704415821	0.0577722682860275	0.342330812048173	0.00529482016272302	0.000578831205956479
"TCGA.BJ.A45I.01A"	0.224270222274289	0.100182517674574	0.0898235904107681	0.0334526607196969	0.0454914362856416	0.0138623043647744	9.13650658903319e-05	0.0129854590531913	0.274217361050751	0.205623083100422
"TCGA.EL.A3TB.01A"	0.164109149682055	0.124682022774878	0.0432830638726719	0.0643610093140506	0.0825772934953873	0.0831390069026574	0.119624106752924	0.233100570076262	0.0654940561633508	0.0196297209657627
"TCGA.ET.A25P.01A"	0.100184792348542	0.0251299169906649	0.006227833503997	0.0736914640489167	0.11105839991953	0.180119223203692	0.216246737081958	0.263867372477941	0.00565431321514471	0.0178199472096128
"TCGA.EL.A3ZL.11A"	0.0614806312610814	0.0619960760199237	0.0568400545594136	0.0500005403316754	0.0909085806621565	0.271536149392769	0.129828647377838	0.191987196266904	0.0533561191180582	0.0320660050101808
