"ID"	"CE1"	"CE2"	"CE3"	"CE4"	"CE5"	"CE6"	"CE7"	"CE8"	"CE9"	"CE10"
"Pt103_On"	0.124494225986106	0.262167649779338	0.00416075261456746	0.0557473062255404	0.169141079803158	0.120631178814988	0.0399345858324457	0.191121033326688	0.00432526864077397	0.0282769189763943
"Pt106_On"	0.200981647649024	0.158658818142124	0.00959496162727998	0.134826109968868	0.104374349748111	0.120193037455226	0.0706652920043175	0.152055110223733	0.03051568852572	0.0181349846555961
"Pt109_On"	0.0917110452538422	0.106844963586659	0.0296851283923545	0.137563999286579	0.104577030273538	0.102494534067781	0.119240660654728	0.218417647758681	0.0554710576227523	0.0339939331030837
"Pt11_On"	0.14018904716178	0.231384498287324	0.0713851181972292	0.04388285735359	0.0573597434481321	0.0976302867398134	0.0992849454359269	0.103234941174748	0.0798411897082943	0.0758073724931616
"Pt13_On"	0.198798031999511	0.0363438984645085	0.0862723880168812	0.0200871305078351	0.0570812669194857	0.102023847478604	0.142533154925829	0.106279024738439	0.168435636287818	0.0821456206610868
"Pt17_On"	0.0308111062718475	0.0288565080697441	0.0180190145054576	0.0893621952228178	0.159006108286883	0.0926008558267268	0.20439717307394	0.370608235563531	1.87035807349672e-14	0.00633880317903293
"Pt1_On"	0.0611170059737491	0.136234597798274	0.0408759762484258	0.0445751338063763	0.164826425100452	0.0734179261263041	0.189598796817509	0.251340251527952	0.0125866588251927	0.0254272277757648
"Pt27_On"	0.172933252010331	0.159271201760549	0.172381892514232	0.0437466465333418	0.129989155532137	0.0789744379227097	0.0405474297399065	0.143351539733492	0.031863949251168	0.0269404950021329
"Pt28_On"	0.195907368276124	0.0597222800808148	0.0429241515023917	0.0299990159668119	0.112333302112648	0.0705691958269084	0.0877030681851625	0.110068821227228	0.164588935188092	0.126183861633819
"Pt31_On"	0.0771745293530362	0.0405162036771741	0.0727013288924611	0.0119119918542268	0.083932568533226	0.0738058329383895	0.143210618895148	0.121765569727393	0.189825587575895	0.18515576855305
"Pt32_On"	0.0851778721804119	0.0847856578799516	0.490948179247995	0.00367495496523098	0.0332484481996797	0.0869597721778121	0.0148071042372948	0.00960654943302475	0.145896133918428	0.0448953277601711
"Pt46_On"	0.29911681335871	0.032285280041497	0.233477781733812	0.0330962008709462	0.0175075191005235	0.108900182545357	0.000174543025074039	0.0153111740548812	0.170525954920738	0.0896045503484597
"Pt47_On"	0.205373904073918	0.235446522952685	0.079365777310279	0.0253762412211926	0.105469458880162	0.0449842045144952	0.136216677892448	0.128300132449541	0.016494685117506	0.022972395587773
"Pt52_On"	0.112769053188168	0.121294781901117	0.0105715391811939	0.165196005181737	0.156467047548181	0.138795746803968	0.0946521877251561	0.188692921216326	0.00277473053287068	0.00878598672128233
"Pt5_On"	0.0874376214635697	0.15345672765593	0.197317524235476	0.0570899566801899	0.0640971199210796	0.0382010508568751	0.187020180984945	0.120836827532055	0.0765606727982501	0.0179823178716305
"Pt62_On"	0.00691515625944375	0.109961002226788	0.00630877974607563	0.312802847961749	0.0761484578387881	0.0848914459014028	0.143098254751025	0.25910720388978	1.6838367404425e-14	0.000766851424931006
"Pt78_On"	0.0824661860457486	0.159548628055952	0.056602466070288	0.0364207178872501	0.0729058783199551	0.554571071027336	0.00266407249977327	0.0289901370780549	0.00015935021185287	0.00567149280378955
"Pt80_On"	0.0691699840361644	0.052281600491188	0.0805869527642994	0.369210509084502	0.0637563962481651	0.0551255533052616	0.047006445132256	0.0874288222400593	0.122309546518756	0.0531241901793481
"Pt81_On"	0.125807153120377	0.0406505358392309	0.0628334247206997	0.0918434414939834	0.106182261849803	0.129484371092983	0.0146481641615567	0.0740585561933736	0.253146120843782	0.101345970684211
"Pt84_On"	0.0937948982684679	0.0266390326484892	0.00431112468289733	0.101050848466876	0.176265958460937	0.234223873758991	0.14531315425933	0.21402606612939	2.12682310952027e-14	0.004375043324601
"Pt85_On"	0.183020642475471	0.100588846781184	0.00391942454605176	0.0105813239343806	0.0989053251400772	0.121499538543423	0.235540674611301	0.225916897745959	0.0104267978809425	0.00960052834120881
"Pt8_On"	0.206589327043015	0.150958338491794	0.0754229168573877	0.0232792912632234	0.0929669858083231	0.0431058227060594	0.203187378495126	0.125887014251334	0.0683513391983106	0.010251585885426
"Pt93_On"	0.142031673510158	0.0581826624538416	0.00347768775313109	0.309196722712662	0.104834426838834	0.0616890374213287	0.144031410667564	0.16463151112079	0.00980669107598412	0.00211817644570644
"Pt9_On"	0.127242606884304	0.0482371940642317	0.0186660184647939	0.243844982477645	0.235112304777047	0.0635611012615659	0.0713734395204118	0.184835557237614	0.000850342783570769	0.00627645252881676
"Pt101_On"	0.0718534920311082	0.0478653872981482	0.0197617533799908	0.0176362056384652	0.120040304808942	0.0812192767579535	0.0277414173660903	0.0600586150258698	0.148222556799836	0.405600990893596
"Pt105_On"	0.0782382812240525	0.0510179198570965	0.0562633109307745	0.00723461375344794	0.0664436514813573	0.0781467902883284	0.0409183146153962	0.106866276453387	0.380017845428921	0.134852995967239
"Pt18_On"	0.0736314397891555	0.0227276467669076	0.0113378296152797	0.0142326258184993	0.118852123361763	0.109114006590612	0.0384391157716905	0.117516570962777	0.127647104495694	0.366501536827622
"Pt30_On"	0.22955865605026	0.0180524062374588	0.123842336549843	0.0167940921543185	0.00832913468961509	0.10318431850154	0.00233553185677107	0.0131708779420593	0.278299531285087	0.206433114733048
"Pt34_On"	0.270893595239377	0.019932534053166	0.217284163506688	0.0186244446069025	4.47779155822799e-05	0.0817168199395891	1.39450777035011e-14	0.012801555468998	0.255299512390508	0.123402596879174
"Pt35_On"	0.0630801873028623	0.0302415433790921	0.0853800492367306	0.0277517591133896	0.13930470301221	0.0275415815239391	0.0861781112236575	0.136231690138259	0.264273998776586	0.140016376293273
"Pt3_On"	0.124720353980831	0.278571091473641	0.134879006127392	0.0732379059563426	0.102104186100907	0.100891155511847	0.0362492770513186	0.093399518695895	0.017404011507204	0.0385434935946219
"Pt44_On"	0.330457877033708	0.0144769860082239	0.0221218095310731	0.00935156909453797	0.0300360654965303	0.427554328144823	0.0324186083743052	0.0225200058023778	0.0475514573522472	0.0635112931621736
"Pt48_On"	0.00675125502094717	0.0760304817023225	0.00905695106190735	0.39641847682378	0.0529057803310534	0.274099848119574	1.59980920417675e-14	0.17142826260059	1.72066148340455e-14	0.013308944339793
"Pt49_On"	0.140108269734717	0.0537140370413803	0.094040525569188	0.0210189738678726	0.0415188293651575	0.161321395672418	0.00571769480357585	0.0159365639276738	0.277027740645536	0.189595969372481
"Pt69_On"	0.195895734469549	0.00404975099005501	0.193837907853638	0.0191978281770206	0.0137895043442115	0.0414706008447706	5.78751663443839e-10	0.0115580959766209	0.307437047725249	0.212763529040134
"Pt94_On"	0.0463112741134168	0.130091906409105	0.0761425243227196	0.374992833514578	0.067700496810344	0.100234113584055	0.03944748575593	0.142111663905181	0.00989788980359134	0.0130698117810791
"Pt10_On"	0.194172745610037	0.0589894726491624	0.160901623478821	0.0572729315531434	0.0709970632204749	0.107251919614786	0.144192555775677	0.161498047995706	0.0345992358968168	0.0101244042053766
"Pt108_On"	0.240389404019025	0.0986893324214215	0.176557330566786	0.0103988131650646	0.149924492533387	0.105716374070066	0.0764862623134969	0.0917717325076605	0.0207269802034875	0.0293392781996044
"Pt2_On"	0.152491131732916	0.100741606162921	0.13148215134567	0.0194759075985929	0.0782252193982817	0.0405079547544005	0.191498658260693	0.0886691820367604	0.193361363044472	0.0035468256652926
"Pt26_On"	0.0336136531433149	0.0794939041795993	0.0166451699220416	0.0193524845236643	0.06407177773081	0.0631543917498039	0.313979724832386	0.378776399294951	0.023162408979407	0.00775008564402255
"Pt36_On"	0.148278936502488	0.108217077941668	0.190405317682098	0.0642527715903324	0.121403358278938	0.113879787109962	0.00705751134410152	0.0725439839740098	0.0911503561363592	0.0828108994400433
"Pt37_On"	0.16208666844123	0.495206972425882	0.250829245474552	0.01143891762959	0.00930020495938333	0.0133760480182746	0.00291303975188829	0.00369874596615042	0.0336347508243437	0.0175154065087056
"Pt38_On"	0.151644346068964	0.0819098160024366	0.00259879467204282	0.0483543770939037	0.167644554515631	0.0408141425145148	0.183361028706487	0.319476222827684	1.72959133534994e-14	0.00419671759831846
"Pt4_On"	0.183204882158189	0.0237510091102704	0.066434422851502	0.0241077359827986	0.0512819908004005	0.162108596710197	0.050681689890225	0.0525480962373663	0.1867107101275	0.19917086613155
"Pt58_On"	0.158515316001028	0.0694963537657709	0.0407242737488188	0.0166967870002531	0.055960560498235	0.0480912406466348	0.166395732691657	0.13860823524145	0.198731494717453	0.1067800056887
"Pt65_On"	0.222538633794153	0.104080555348193	0.0275352523986011	0.0524389161454724	0.058167499313923	0.0925171708407152	0.138823640681739	0.131227442998211	0.102195910005101	0.0704749784738914
"Pt67_On"	5.51674955509661e-14	0.0157182376923287	5.1631174635521e-14	0.349520428381404	0.302536459704225	0.0983629633959872	4.52461886215893e-14	0.181905963937817	5.67952030025749e-14	0.0519559468880299
"Pt77_On"	0.107066404493695	0.0209968991756645	0.00867276627945321	0.00935439261100743	0.120363387737423	0.208528637980626	0.0243820340988156	0.071901459841568	0.0848258732785533	0.343908144503193
"Pt79_On"	0.0636932856305335	0.173878582221192	0.00357518652474493	0.0212224834586715	0.148494126853427	0.107912703624135	0.162792074364719	0.310242997669441	0.0059332303491074	0.00225532930402933
"Pt82_On"	0.024174656494981	0.0925360718957015	0.0524995552733347	0.262187388984724	0.0597679368590193	0.114327989749279	0.0249793644627807	0.143271824705783	0.0922583730732543	0.133996838501142
"Pt87_On"	0.120630694548357	0.0322684533238361	0.141055386624259	0.110474381328095	0.0272003919126217	0.0548423059495384	0.0389389268514052	0.0162991148277993	0.237214005394397	0.22107633923969
"Pt89_On"	0.297347318162435	0.250850952728843	0.000758509869764975	0.0454897886739863	0.105596021189483	0.103965769575295	0.070587689169771	0.0777090925338427	0.0234589035838006	0.024235954512779
"Pt92_On"	0.100009739479796	0.0107942925164832	0.063576964823304	0.0150088556063054	0.0374267467067403	0.0428568238076132	0.00677799571868487	0.0238459617565463	0.433940891089004	0.265761728495523
"Pt98_On"	0.0213323634921832	0.0265880384949627	0.0513287524316495	0.155704886520839	0.124509139822241	0.123389649776382	0.146579567267997	0.202450382553764	0.109824869003865	0.0382923506361168
