"ID"	"CE1"	"CE2"	"CE3"	"CE4"	"CE5"	"CE6"	"CE7"	"CE8"	"CE9"	"CE10"
"TCGA.B2.4101.01A"	0.105899508865255	0.0756052566982088	0.0752064709320135	0.0632308243570519	0.0612227103518026	0.0896682189814559	0.0579638349836007	0.140602017060254	0.133506919245125	0.197094238525232
"TCGA.BP.4342.01A"	0.164305896064595	0.0897363652145872	0.0737634276309028	0.169445990474211	0.102287639516732	0.0783134621605574	0.0196448291486999	0.164378196604604	0.0540691260447574	0.0840550671403546
"TCGA.B0.4691.01A"	0.056846120848269	0.232594803637251	0.0197212915728835	0.259846788342651	0.164040362155167	0.0139994604156827	0.00138946049440141	0.0838554218408853	0.0777941802210965	0.0899121104717128
"TCGA.BP.4167.01A"	0.220978676151576	0.0419920097696191	0.0963279151472263	0.0922088343892116	0.0217958059511518	0.0709460714925736	1.28188224044496e-14	0.00310667003538419	0.275477010857608	0.177167006205637
"TCGA.B8.4620.01A"	0.211622588430462	0.139163674841465	0.254320391710941	0.0309431718325133	0.131479753083327	0.087685201882118	0.0129450623033933	0.0654675385709326	0.0505886869495325	0.0157839303953154
"TCGA.BP.4769.01A"	0.206100980454852	0.0973784598588417	0.023719075419558	0.0531697603512085	0.0820253920570854	0.282466523513905	0.145045450423176	0.107264278321901	0.000736484547082987	0.00209359505238971
"TCGA.CJ.4907.01A"	0.297835918625473	0.0129948874430822	0.0550130360728257	0.0501615351164312	0.114065680041684	0.197549915181616	0.114344762402243	0.0686538851820696	0.0524946943519628	0.0368856855826118
"TCGA.BP.5168.01A"	0.188028875669828	0.0494964654392356	0.035479272534066	0.0779364237614803	0.0483665720670037	0.279928486344932	0.109654365746598	0.109902670359771	0.0681320400508483	0.0330748280262366
"TCGA.BP.4977.01A"	0.0504299555776434	0.109993645869201	0.101823056081302	0.120112874611366	0.111558824736074	0.0635276639342175	0.0589815438352618	0.230501408004327	0.0801799487450749	0.0728910786055322
"TCGA.B0.5080.01A"	0.291433151978615	0.149416071598364	0.033449181549113	0.033976700011607	0.061625104412603	0.133990531308085	0.0395172244379854	0.00798091583550975	0.0475510886081818	0.201060030259936
"TCGA.B0.4838.01A"	0.0752351111403704	0.0414649897458681	0.0407176067861418	0.0372346062202302	0.0957090142288739	0.0510876019002245	0.082869096464913	0.133162548909977	0.231873046673258	0.210646377930143
"TCGA.DV.A4VX.01A"	0.0481392510970084	0.257176170232243	0.0977032150431984	0.187513773016373	0.0834799406956018	0.0275743688719398	0.0215332488183936	0.213051095397085	0.0605274508177939	0.00330148601036252
"TCGA.BP.5191.01A"	0.0140816832326664	0.0644887052700406	0.0321016874980126	0.119969688125188	0.0327819145566483	0.0142758539987982	3.02877249015336e-14	0.00925164236156261	0.366842110193077	0.346206714763976
"TCGA.CZ.4862.01A"	0.13602291015212	0.059252297813977	0.0568821817692244	0.0541798944790178	0.0563617950599579	0.0429902919896137	0.122365418682018	0.0907144690280003	0.180515070131007	0.200715670895063
"TCGA.B0.5697.11A"	0.021779133382607	0.0551486938136724	0.000545907104165752	0.259389813896286	0.263942179616635	0.132973683174788	0.0332200273626195	0.223337943436016	3.83052484370081e-13	0.0096626182128268
"TCGA.BP.4758.01A"	0.044830156913642	0.00652739143627876	0.0236134183368526	0.0870722227255858	0.080780562801172	0.17648156058203	2.57560282427766e-14	0.0167039700700247	0.332017818127837	0.231972899006551
"TCGA.B8.5552.01B"	0.160072322629012	0.0349804816476549	0.128286356003139	0.0483016321298342	0.0350546738836266	0.216363085943247	0.111306011114248	0.0236395876520517	0.0698128532060296	0.172182995791158
"TCGA.BP.4968.01A"	0.105823956240835	0.104998806313401	0.0457114661065147	0.09483598297386	0.0791279671106294	0.0983305193913128	0.0218158427810095	0.0870155044649985	0.223388850058459	0.13895110455898
"TCGA.CZ.4856.01A"	0.176225234710126	0.0502016165978936	0.0625709368008602	0.0398547988928886	0.0453707602953293	0.159478604522705	0.104361725159099	0.0308153884180787	0.224383372397579	0.106737562205441
"TCGA.CZ.5454.11A"	0.0661172065131789	0.0766927633264776	0.000507810823347875	0.127833084668698	0.17197681094501	0.12631897741887	0.187451266292038	0.237866223562306	0.00078228683366143	0.00445356961641216
"TCGA.CJ.4634.01A"	0.184532432005965	0.0422582594167044	0.105614031910672	0.0386471267442775	0.0967632592302355	0.180991534536329	0.159864924015078	0.136956555969022	0.0254255846247041	0.0289462915470122
"TCGA.A3.3378.01A"	0.104839134439107	0.0811076148317059	0.199134303243352	0.0556700879458636	0.0340955422908483	0.0149782541868682	0.0507904300032406	0.0859065899521884	0.207216778189916	0.16626126491691
"TCGA.A3.3365.01A"	0.131867372827837	0.078471192356345	0.0405846308611371	0.0838823623174595	0.111360517849278	0.203296342618884	0.119255867492202	0.0919051147208908	0.0441010667062193	0.0952755322497474
"TCGA.B4.5834.01A"	0.191043163472154	0.0245474140141644	0.0264019319449091	0.0231852765271607	0.0675813791006779	0.316207520003408	0.188748792698126	0.0682498575000012	0.0561643934759965	0.0378702712634021
"TCGA.CJ.4876.01A"	0.0289356254925927	0.044157919234234	0.00257215959395479	0.166846362312228	0.111352686535711	0.045467386360094	0.111656967747398	0.24232856431592	0.146824300008131	0.099858028399737
"TCGA.CZ.5458.11A"	0.0535546641472955	0.0980550167623121	0.00727368014030822	0.119866851059655	0.211702101606375	0.127074191170971	0.149373670965657	0.229474840373127	0.000260884420443619	0.00336409935385416
"TCGA.B2.3924.01B"	0.0399424422738203	0.0977295278205937	0.0187495113863727	0.111890439500449	0.106368014549876	0.09011855509894	0.100677045968397	0.257591207674945	0.071489773019953	0.105443482706653
"TCGA.BP.4962.01A"	0.198134263368529	0.0226624977758041	0.0847618074114762	0.11240277796198	0.103612412447396	0.102048509094158	0.00382822800930367	0.0202374816382792	0.234993473715563	0.11731854857751
"TCGA.CZ.4866.01A"	0.0346961851313831	0.0557552137243972	0.172164288857682	0.111882578697299	0.0694232675459997	0.0330846006640641	0.238338956413351	0.200087234208517	0.051909908637948	0.0326577661193589
"TCGA.BP.4177.01A"	0.209319432966366	0.14557363393066	0.0166828308789607	0.0419016771700391	0.115764614435255	0.213776453407487	0.14300915810388	0.105114530909413	0.00164591618596994	0.0072117520119695
"TCGA.B8.A54F.01A"	0.174176787426941	0.136688769927669	0.131476644823797	0.0606485187703353	0.0604344374340263	0.117708666441769	0.0956049608401636	0.145194480055536	0.0283951710389193	0.0496715632408426
"TCGA.B0.5113.01A"	0.147641805049807	0.0304254262251671	0.0612777715528265	0.041707171234777	0.0747945196470943	0.105476175858709	0.129309496646837	0.126094426132163	0.106365360714072	0.176907846938548
"TCGA.CJ.4642.01B"	0.0286245258289967	0.208364825999893	0.0114242210355519	0.263000903270178	0.204954008129423	0.0180504666716037	2.5322466001039e-15	0.221351569558038	0.00778575890655677	0.0364437205997568
"TCGA.BP.4986.01A"	0.217311693938475	0.0918436300622096	0.108202464407951	0.055238419724927	0.0764122046229837	0.0695860251519005	0.087907075017643	0.101481067287875	0.0862890151316637	0.105728404654371
"TCGA.A3.3346.01A"	0.116549983535137	0.16633380568061	0.247637522961398	0.0760845165150225	0.0949487848272216	0.028357450589308	0.0319038193886822	0.0465207549313555	0.180183742199905	0.0114796193713609
"TCGA.B8.4619.01A"	0.0872733689515098	0.154714759770794	0.0017009547035465	0.0685141493058083	0.174360763419179	0.0822877235470214	0.132834509555975	0.262025099650682	0.00516326846102231	0.0311254026344627
"TCGA.CJ.5672.11A"	0.038396936828368	0.0563331543817298	0.000698401418277007	0.179277101616158	0.234130363828009	0.152435666229082	0.111789762862877	0.219469048957886	0.000623925239935956	0.00684563863767733
"TCGA.AS.3778.01A"	0.157206233843703	0.0776547317026748	0.107823262961633	0.0550756450408931	0.081244823450257	0.171942618607337	0.134108370900762	0.129498668657343	0.0545181313004716	0.0309275135349261
"TCGA.BP.5007.01A"	0.0838040170122448	0.0455780217319873	0.0111442069244375	0.0676758266964781	0.0857749945798796	0.168131314401509	0.0842041952009025	0.212991318676533	0.136243220272205	0.104452884503823
"TCGA.B0.5097.01A"	0.269764068309919	0.138421000378238	0.198648714144544	0.0461730499991689	0.0724886333279382	0.0722473710270809	0.0482539325630016	0.0183110780807179	0.0710123289882598	0.0646798231811323
"TCGA.B0.4703.01A"	0.275319476270014	0.0906070643848659	0.0688738163634615	0.0435231964797435	0.072656044305987	0.084419313909833	0.0734412074537205	0.0865311909805663	0.107799606186296	0.0968290836655119
"TCGA.B0.4816.01A"	0.13581553778513	0.0645591408355592	0.215778710909059	0.0395075829719874	0.0508337891621018	0.129812051140217	0.0472271685882742	0.0850709243676167	0.153662065604072	0.0777330286359831
"TCGA.BP.4330.01A"	0.106831477785172	0.026386032281766	0.0300265470379492	0.0368802312940616	0.0513841349044384	0.0794531721439191	0.0691042963545671	0.125997970404654	0.193236891277563	0.280699246515909
"TCGA.CW.6097.01A"	0.201542179476524	0.0573037478013553	0.0849845995433704	0.0488469220300452	0.0596146244850841	0.0784227347902405	0.0928270554643912	0.0153506147855613	0.113999069563968	0.24710845205946
"TCGA.CZ.5462.11A"	0.0737259119954925	0.077006714823577	1.94952468593095e-09	0.122265849373037	0.200652742727104	0.0847494480960983	0.223966429127509	0.197810239520254	0.0145054433632271	0.00531721902417719
"TCGA.DV.A4W0.05A"	0.111424208291264	0.150382798822324	0.00475369586554696	0.022892517888861	0.130326105191277	0.0910147441722373	0.218169909554106	0.246300725843866	0.0225453820995076	0.00218991227101115
"TCGA.BP.4325.01A"	0.0530461275937558	0.0456205029901671	0.0816566236256575	0.114804880278703	0.103919817014026	0.03403278804154	0.101576626503058	0.206672001368683	0.174474952236704	0.084195680347706
"TCGA.CJ.6031.01A"	0.295868306480116	0.0348311955421431	0.117857307814812	0.0714332556155043	0.0173451387981549	0.101397698311636	4.89863568086121e-05	0.0115433892869563	0.184622967303513	0.165051754490356
"TCGA.B2.A4SR.01A"	0.0984830493695562	0.0255028003076951	0.0368718670242553	0.0442134865757315	0.0690941222039621	0.173655462981279	0.149180275623752	0.159378352004067	0.100237877421361	0.143382706488341
"TCGA.CZ.5453.11A"	0.107323623716586	0.0815147603907879	0.00758058367789875	0.0844234554700327	0.153396681430186	0.161964883193539	0.212915726601333	0.186305099731399	0.00198800684766661	0.00258717894057116
"TCGA.BP.4337.01A"	0.173411234984093	0.0808988655275502	0.0553231499215802	0.148269973613281	0.100579311371314	0.17877845417394	0.00610670625805418	0.126447124871752	0.0129222611282555	0.117262918150179
"TCGA.A3.A6NJ.01A"	0.0667416047390724	0.059968496576844	0.116777256290562	0.0384288544552274	0.0628919485074127	0.135878961969088	0.0807440970684985	0.0532627689131775	0.219433625740104	0.165872385740014
"TCGA.CZ.5469.11A"	0.0497810944005624	0.101573581868166	0.00868764986431786	0.130307540395122	0.215846794790412	0.0993586280388559	0.151519186776769	0.2368672468469	3.25518358827028e-06	0.00605502183530717
"TCGA.CJ.5671.01A"	0.312349380046393	0.0615659706288836	0.133780463131349	0.0395765153434163	0.0392770854447712	0.0753583221473853	0.00347958089567703	0.00664402702831617	0.148660859793311	0.179307795540497
"TCGA.CJ.6032.01A"	0.124852403856288	0.0767305137003173	0.0622506974299613	0.108937789434152	0.0808581259069321	0.118021607729261	0.230909703093916	0.10550502072604	0.0711974203711491	0.0207367177519839
"TCGA.BP.4804.01A"	0.207505969185832	0.0677180464075684	0.0633930716242966	0.0573624099857154	0.0293945512465284	0.119667215953336	0.00479444781342525	0.0234941908612314	0.180709003509426	0.245961093412642
"TCGA.CJ.4891.01A"	0.0860464223087569	0.316026179071149	0.268525889983077	0.11023932214663	0.0570847393506121	0.0675943886928125	1.42255994088705e-14	0.0150269580524452	0.0565238320768412	0.0229322683176621
"TCGA.BP.5184.01A"	0.201980332024248	0.0308570709271988	0.105841073530886	0.0366592142109869	0.0349506379324016	0.251677348415157	0.101495168302321	0.0435177608835868	0.0909661582456763	0.102055235527538
"TCGA.CJ.4903.01A"	0.126169416716575	0.0540878947282433	0.170941158528512	0.0361689117722765	0.0302006574715522	0.099646983673029	0.0824732105189905	0.0863843915854901	0.180273448825446	0.133653926179885
"TCGA.A3.3311.01A"	0.19655952998221	0.0408195673404791	0.152641992408014	0.0298410111399853	0.0868354125188605	0.0425206448902163	0.107869643611824	0.0816583395110149	0.164027874019103	0.0972259845782919
"TCGA.B4.5844.01A"	0.220437768187962	0.0247565504871876	0.0513811534190295	0.0302790757198412	0.0886293348126589	0.240348820133299	0.197601051893785	0.0891661476285772	0.0417970201732357	0.0156030775444248
"TCGA.B4.5832.01A"	0.227698749363393	0.113525577276633	0.0603326353830603	0.0447246360627759	0.0298801783267293	0.0831762780584392	0.226639988084477	0.113358517157674	0.0538947628386988	0.0467686774481193
"TCGA.A3.3326.01A"	0.0538600027848557	0.0339008215985182	0.110937039072112	0.0512496707806985	0.0814736485369579	0.0534448764709935	0.0364790680207543	0.140342292376683	0.210195468218594	0.228117112139833
"TCGA.CJ.4869.01A"	0.0840346802700087	0.0859498637269005	0.0620951463336489	0.10487175579917	0.01966383060919	0.0132083998569667	0.0184013098744552	0.00723517456464188	0.289321515700112	0.315218323264906
"TCGA.CZ.4864.01A"	0.0869219772034433	0.00785867387329593	0.0791340764499778	0.0392535170886084	0.0566520182860785	0.0513662292515606	0.116258925429768	0.16084913611929	0.2659261890828	0.135779257215177
"TCGA.DV.5568.01A"	0.296763408596691	0.117114203906627	0.0501356076535526	0.095423010230008	0.0775808783704822	0.115588724372544	0.0221830681271725	0.0251103289292844	0.141379019697087	0.0587217501165508
"TCGA.A3.3349.01A"	0.207757284830531	0.0104570128876455	0.0910515787265224	0.0412038284725473	0.0802837533299352	0.229018337925143	0.126544663997928	0.11102328244431	0.0456686245193016	0.0569916328661364
"TCGA.CW.6090.01A"	0.251203293540353	0.0758881405636006	0.18995441888078	0.0832421810038876	0.0172701266006443	0.0915145301541312	0.0614478606142773	0.0346321975656281	0.113382315418276	0.081464935658422
"TCGA.CJ.6027.01A"	0.123555230880048	0.104345052594522	0.0826650599053956	0.116638142158016	0.0665209320515768	0.00257133491014061	0.0309713828586148	0.0290399982018193	0.322844764210461	0.120848102229405
"TCGA.BP.4768.01A"	0.0761574069300721	0.08274274028463	0.0475124855261959	0.108280947685389	0.166091885791438	0.0412183443756252	0.153568095660521	0.268614681465655	0.0330768807333449	0.0227365315471288
"TCGA.CJ.5679.01A"	0.185508542204558	0.258033210603119	0.0556202680136314	0.21306511111257	0.139781814737244	0.0672100587407789	0.00680340843397669	0.0495484665306385	0.0168940708598303	0.00753504876365237
"TCGA.BP.4763.01A"	0.232061553820031	0.127149777199226	0.0211560595694847	0.0579706739408857	0.0350906546697446	0.198371041463571	0.168908291676349	0.0942012183225823	0.0330113158808406	0.0320794134572849
"TCGA.BP.4159.01A"	0.212169501299196	0.0907988660189983	0.0375280732110316	0.0406217810576217	0.145351400104022	0.312489631616845	4.20290260054973e-14	0.0537534494493237	0.0865593848748895	0.0207279123680302
"TCGA.B0.5092.01A"	0.067026675228698	0.079896269589166	0.0193525486333174	0.0812482878137246	0.0945227863858083	0.0148731106657246	1.0450114663094e-14	0.153544778088046	0.253133532450508	0.236402011144996
"TCGA.G6.A8L7.01A"	0.0188687550259393	0.285999800587484	0.0112856023470782	0.234994032063554	0.200815092747483	0.0547590176090224	2.29656265208814e-14	0.138366506218145	0.0390247374013161	0.0158864559999548
"TCGA.B0.5709.01A"	0.203292799858566	0.0248846625478965	0.106068767124428	0.0371015873170641	0.0578037735274241	0.132395425303121	0.0814675985763063	0.0105039702180455	0.11081361711801	0.235667798409138
"TCGA.B4.5378.01A"	0.184136304038949	0.0844039828661363	0.0371450483390962	0.0136718962750925	0.0864914465902272	0.218863618238797	0.211892905236758	0.132349536673343	0.0193269531869703	0.0117183085546295
"TCGA.G6.A8L6.01A"	0.0376518990203966	0.142040479313546	0.102873269184232	0.0506914149654619	0.155270918332395	0.199057765728627	0.010228205768251	0.104005103343768	0.094768173715708	0.103412770627615
"TCGA.CZ.4858.01A"	0.15309077490781	0.123737163915634	0.059512263173364	0.0811233415252513	0.160399471879319	0.017645624619399	0.0459572844872326	0.111145433590917	0.163402740938321	0.0839859009627532
"TCGA.CW.5589.11A"	0.0343757518198432	0.063739739090577	0.0028814864369535	0.236452296803658	0.190117719733253	0.143323854612326	0.112422223013636	0.208947182211939	0.00164582920009381	0.00609391707772062
"TCGA.BP.4975.01A"	0.201381051537994	0.0603721729059895	0.15542855061199	0.054462283457646	0.0311936075664007	0.188838762931665	0.156347818519324	0.0889075345342357	0.0275806201103537	0.0354875978244007
"TCGA.CJ.4908.01A"	0.196423419631493	0.0297950508397047	0.064179724667595	0.0607480396717241	0.0763307866992968	0.208186130237756	0.106367491928662	0.116354872166642	0.0640994536206587	0.0775150305364688
"TCGA.CJ.4881.01A"	0.163740805329605	0.167268137403086	0.118994476646835	0.122318751044408	0.0614611900508674	0.0322030666115833	0.00974476847899233	0.090032773846747	0.121172215653154	0.113063814934722
"TCGA.BP.5198.01A"	0.334944981417679	0.141585466815389	0.184240978972618	0.0282956767011331	0.032675146806301	0.0619673726922735	0.0239019774820735	0.0159800299326982	0.0785714685455101	0.0978369006343256
"TCGA.CJ.5677.11A"	0.0560826391667872	0.0901622858451461	0.000766992738687729	0.235422494650869	0.191850587026484	0.16685341334196	0.0694043960482807	0.18274096422922	1.17430558174508e-14	0.00671622695255345
"TCGA.DV.5574.01A"	0.217054755638368	0.0574828652374672	0.139850714494009	0.0436302581123722	0.0387788979331483	0.181216818540977	0.041137639146806	0.00490169442616697	0.135943075385868	0.140003281084817
"TCGA.B2.4102.01A"	0.0722282870119839	0.0253490476785612	0.116502509196227	0.0457280021947052	0.0721069827989906	0.0774943151101866	0.114690916660742	0.161615560657011	0.149552603556983	0.16473177513461
"TCGA.CJ.5678.11A"	0.0266827955884813	0.0603643056103991	2.2951883712238e-14	0.318850262429726	0.171912080637589	0.200448352296225	0.0106455876962287	0.161742420398065	0.0163813456641577	0.0329728496791054
"TCGA.AK.3456.01A"	0.0544663074553042	0.0712822907475605	0.101026793237533	0.118686769273563	0.185937378794651	0.0958075885792936	0.120520059655465	0.177632933023301	0.0435722340013021	0.0310676452320262
"TCGA.EU.5907.01A"	0.170703124782654	0.0894190351909538	0.0800577798734919	0.0725988506687337	0.125811912149694	0.0356947980794646	0.243131044647117	0.108812526582268	0.0733965260797641	0.000374401945858209
"TCGA.A3.3372.01A"	0.14739674151923	0.0318132729674584	0.081131484799275	0.0412757892604473	0.0849283819330181	0.108285173066228	0.116274425026568	0.171496791570623	0.120157810499689	0.0972401293574642
"TCGA.CJ.4872.01A"	0.237981076615282	0.0671689026296007	0.0702089627420972	0.0574354338275422	0.0712915715705208	0.188441557609234	0.00150637294124943	0.0319528048127686	0.136977896083238	0.137035421168467
"TCGA.A3.A8OW.01A"	0.0635460796824463	0.022185776706245	0.0218197879563091	0.0428619628160624	0.0788887989562238	0.204739248482392	0.16303471610476	0.197120812940869	0.0970874168746871	0.108715399480006
"TCGA.CW.5580.01A"	0.144795020129278	0.0641167265198837	0.169737881486227	0.118986857589678	0.0403272454755616	0.14018722756927	0.178000731408621	0.0606792308836941	0.0608566179877969	0.0223124609499889
"TCGA.BP.4992.01A"	0.010915534382359	0.0580363087036338	0.00867471547269163	0.160687488100791	0.170591992396089	0.0217701042353561	1.77618245579289e-14	0.161990438115988	0.116710595335541	0.290622823257532
"TCGA.CJ.5683.01A"	0.0984293244146491	0.183663052674412	0.058876809492402	0.165355780579784	0.185744766702074	0.166802732316129	0.0225492203130604	0.0872990822039912	0.017356737542071	0.0139224937614268
"TCGA.CJ.4878.01A"	0.0719828742349862	0.177478718846421	0.0958925348417954	0.0466345601978872	0.106299261485887	0.111242666134225	0.120109793537555	0.23766298537691	0.0272244724326605	0.00547213291167189
"TCGA.B4.5836.01A"	0.201622227397214	0.030791351909628	0.0947015479073249	0.0292680208087893	0.0631339281748571	0.175811314136148	0.180866871872515	0.0452556204516362	0.1307349842667	0.0478141330751872
"TCGA.B2.5635.01B"	0.0316664995993616	0.0614785424775731	0.0664138995501339	0.0929912476995122	0.0770422999498175	0.128500098068368	0.112166061063067	0.23890608338946	0.0738083278131798	0.117026940389526
"TCGA.CZ.5465.11A"	0.0642223646141764	0.0838685362022303	0.0010326634954371	0.0745483392726121	0.175955081030863	0.081397876648386	0.242451048859124	0.268475258021988	0.00095975348009667	0.00708907837508631
"TCGA.BP.4162.01A"	0.0944582396928832	0.0443067223285614	0.132247942071542	0.0409599972015984	0.0336965634443608	0.0923901887785631	0.120725071864749	0.0938911858176238	0.217937463256926	0.129386625543193
"TCGA.BP.4963.01A"	0.0966276981346862	0.0664642452492417	0.149169529785893	0.107526266320301	0.0730139900650532	0.0511795773268119	0.0613482479905962	0.148659462525125	0.130471762463781	0.115539220138511
"TCGA.DV.5573.01A"	0.0914366420372118	0.088818704667994	0.0375127010814238	0.124992346156231	0.107623510011863	0.0759735382966247	0.0649787159227815	0.070837040822696	0.153424673763103	0.184402127240072
"TCGA.BP.4341.01A"	0.0180786836067533	0.0663666526437002	0.0167297439146928	0.200272986185349	0.174432800935029	0.227552816315757	1.65638280381518e-14	0.248114177714667	0.0304580533295353	0.0179940853544996
"TCGA.B0.4837.01A"	0.228769989641917	0.151882022480804	0.0789579080623828	0.154305903916709	0.112223742088963	0.13288875626129	0.00672426066551509	0.118928038318946	0.0126501579669555	0.00266922059651789
"TCGA.A3.3387.01A"	0.167646354539443	0.0774906620911312	0.152961116880142	0.0607327390642617	0.047220696261511	0.10309915355379	0.111624051619435	0.0796097219760156	0.0963650839915156	0.103250420022755
"TCGA.CZ.5456.01A"	0.210495128451138	0.125963594600941	0.142466941539911	0.0517733367852356	0.0801166445715838	0.02163963517221	0.0618136690725373	0.045271027875922	0.124839864152527	0.135620157777995
"TCGA.B4.5835.01A"	0.0258484700039857	0.212156392293827	0.0370091163696881	0.255524625794082	0.142993483910454	0.0308533640956077	0.105683216298362	0.10075765459908	0.054821190336869	0.0343524862980438
"TCGA.CJ.4888.01A"	0.145503702344082	0.0731252609908915	0.113641056385454	0.0668260531983501	0.0641231365882301	0.0192460968645612	2.66981631230572e-06	0.0243971923029479	0.277466746214316	0.215668085294855
"TCGA.B0.5705.11A"	0.0495464937622671	0.0862816351646779	0.0140388135507423	0.222417680216135	0.231081813647964	0.155623649364348	0.0484541243979783	0.182761397758848	7.6488413161724e-12	0.00979439212939062
"TCGA.AK.3465.01A"	0.0150299982967822	0.0665584789769551	2.19750462400997e-14	0.102643060875581	0.296501368284667	0.112995861138945	0.00802719216478521	0.354408005392672	0.00608510374288209	0.0377509311267077
"TCGA.A3.3387.11A"	0.0130599892819026	0.0571657768354679	0.00348971334519738	0.337960982257573	0.18872622905963	0.157318570125528	0.0477895327894391	0.179062164930179	1.8325897291131e-14	0.0154270413750639
"TCGA.AK.3461.01A"	0.102303501295849	0.124906970028866	0.0891003130425554	0.0656214441644262	0.0819681508935744	0.162883138990374	0.108818006751184	0.11877757553824	0.0738965215448099	0.0717243777501215
"TCGA.B0.4694.01A"	0.187994846095023	0.0755221730791842	0.154327828118598	0.0806869349209532	0.0482078384428532	0.0475934704508154	0.0150413215824408	0.01730324802056	0.203443700026731	0.169878639262842
"TCGA.BP.4173.01A"	0.145004425911948	0.0563300034774243	0.133134656011664	0.0513759105512671	0.0554399471386706	0.0608308387565647	0.0363319482864423	0.0462141901851701	0.204184276883114	0.211153802797735
"TCGA.B0.5083.01A"	0.178108396544776	0.0249341262031922	0.120476092053884	0.127305000180648	0.124063527089739	0.15629739895184	0.0274041840792803	0.134338399856808	0.0508507411559104	0.0562221338839215
"TCGA.B0.4810.01A"	0.184109314088762	0.0869101892941444	0.0871868752926308	0.0468386075062229	0.0770791356222633	0.0821936884138663	0.0392152661364404	0.0829440413684314	0.169924460697921	0.143598421579317
"TCGA.CZ.5458.01A"	0.12871442442483	0.0451128477110773	0.0420171810412961	0.0747771109555539	0.100723077520237	0.149143785870936	0.0881303232271151	0.0872395553920039	0.113558032587225	0.170583661269725
"TCGA.B0.4696.01A"	0.207157279885628	0.172063501144542	0.00700304195131011	0.197233960268547	0.15612340393721	0.0223202071147607	0.0801976909815721	0.145558993788823	0.0110028146123923	0.00133910631521545
"TCGA.BP.4989.01A"	0.0939968372378265	0.0480916070873271	0.0865034120956314	0.074008555950512	0.0554953364064473	0.0412684220084107	0.00458010695819067	0.111479684725242	0.232717079519208	0.251858958011204
"TCGA.CW.5587.01A"	0.14460563258131	0.00730207908402389	0.0870211977450725	0.056238425700543	0.0131893304058923	0.0923975361633171	0.127988774590915	0.0619475343481509	0.258640047109218	0.150669442271558
"TCGA.AK.3454.01A"	0.0633563356997763	0.208294774142462	0.0447249387083542	0.190773804829277	0.145854785576185	0.0558780450427377	1.05932889139012e-14	0.192900113188235	0.0487112089553157	0.0495059938576472
"TCGA.B0.4814.01A"	0.0797820933539415	0.0570305493047012	0.0413042340577804	0.0980632875089813	0.160745556468864	0.186835009371443	0.0827204442488619	0.231418255121079	0.0229488107991248	0.0391517597652221
"TCGA.B0.4849.01A"	0.0459680851684933	0.11900690849049	0.118821745532787	0.0936717418538191	0.112867929864999	0.113568329331338	0.0522542838325701	0.210742678171786	0.08407752374047	0.0490207740132485
"TCGA.CZ.4864.11A"	0.0361717152710761	0.0674881819768421	0.0078092000651086	0.336964126206143	0.160723806760761	0.171710850498762	0.0396712036290202	0.139474457132937	0.00855432881809865	0.0314321296412515
"TCGA.B0.5095.01A"	0.237859368024241	0.0614194665628081	0.0743295893581072	0.0818823755724957	0.0853639122135609	0.148027192149276	0.084086425890146	0.0953897173920158	0.048814626639587	0.0828273261977626
"TCGA.CZ.5984.11A"	0.0635205257464076	0.0842291315160767	0.00294189559431044	0.250352731771159	0.157540215302012	0.213852069446952	0.0349452227835665	0.179379045921949	1.32213389379253e-14	0.0132391619175542
"TCGA.CZ.5467.11A"	0.0528319492683176	0.240500874885333	0.0621609523855187	0.15342204432486	0.158167929522542	0.129350527510353	0.0625245887912402	0.129093846277241	0.00475069476766747	0.00719659226692816
"TCGA.BP.4174.01A"	0.0775413417948374	0.0946046016908618	0.215875001714187	0.0727909951814743	0.0380812998506802	0.0575330730632372	0.139453961150051	0.0994543097794011	0.145161125655744	0.0595042901195256
"TCGA.CZ.5985.01A"	0.0670698583373229	0.0695868497511366	0.201075868388213	0.0770009084174742	0.0217621560568178	0.0244306826074134	0.136029240617266	0.0550572639056162	0.199204576585046	0.148782595333694
"TCGA.BP.4353.01A"	0.195090014403631	0.0657815909585808	0.122919360640026	0.0318872366977078	0.0235477058767625	0.157959619640442	0.121332746296874	0.0681717230629004	0.133606205713664	0.0797037967094115
"TCGA.B0.5094.01A"	0.076005947698797	0.138374308568891	0.0295292025013652	0.100069279418572	0.12429959265705	0.044943594341306	0.127523543578832	0.280876068916515	0.0699393769265788	0.00843908539209381
"TCGA.CZ.5461.11A"	0.0628294355263958	0.138188559476185	0.0170947678742187	0.169365427534174	0.185182483780986	0.144107317314136	0.135599387799775	0.142487930587647	0.000113251544764547	0.00503143856171901
"TCGA.CZ.4865.11A"	0.118139110665402	0.133798853520232	0.00954386835534764	0.0897705587302241	0.200417525031949	0.137877927793415	0.139587294886044	0.163019105386459	0.00473071738411919	0.00311503824680899
"TCGA.CJ.4644.01A"	0.179005335828603	0.0142894600634237	0.109747029550827	0.0544653656291059	0.078060431801693	0.0968322680173916	0.134791923042049	0.0485305254373206	0.209755631964822	0.0745220286647649
"TCGA.B0.4821.01A"	0.0665182727517598	0.206773895205893	0.0485946224750601	0.161656667163004	0.180622872298742	0.0410634941136052	0.00767078840812496	0.194305434489359	0.0629590687682612	0.0298348843261905
"TCGA.CW.5588.01A"	0.327862849072953	0.0796971135405904	0.148992406280885	0.0301596957986276	0.0581890922565	0.134747050527941	0.0801497290705688	0.0159672176996897	0.0779306188052569	0.0463042269469874
"TCGA.BP.4965.01A"	0.17477230895599	0.0236639763000918	0.0670516051196294	0.0562865622917475	0.0625169931428731	0.196426154059596	0.234285743628602	0.0828546523953138	0.0488151349434299	0.0533268691627267
"TCGA.B0.4843.01A"	0.206431312658446	0.126361828501695	0.0297911134302673	0.263735801329908	0.0907409409469096	0.136356801077234	1.81013964166395e-14	0.101568140837623	0.00662244121601138	0.0383916200018882
"TCGA.B0.5116.01A"	0.289655328919384	0.117758474797631	0.0152486286337021	0.0854682371602988	0.12875158911473	0.109313180980948	0.112862574588409	0.127104834129053	0.0121201488242101	0.00171700285163388
"TCGA.B0.4690.01A"	0.206375030869475	0.140212970303714	0.166607165449358	0.0412644988612122	0.0441829698411808	0.0234732199668243	0.068506045707058	0.0525222534061822	0.150667326836008	0.106188518758988
"TCGA.BP.4163.01A"	0.143315909467539	0.0524231815111856	0.158696919792095	0.03422004237477	0.046599375935157	0.079860977097267	0.140679113599709	0.124515279295923	0.111887091458939	0.107802109467416
"TCGA.CJ.5678.01A"	0.0395148689465152	0.0342644693606758	0.0863807716938437	0.100279045649827	0.0446730763857871	0.0278337566864059	0.0184330399888483	0.0158813267462775	0.380598592830646	0.252141051711173
"TCGA.AK.3436.01A"	0.248938331572572	0.12727242705657	0.000609603485977792	0.173934888114498	0.171151802158045	0.0796265757489962	0.0401732230992699	0.0924282978104705	0.0422497046194537	0.023615146334147
"TCGA.B8.A54I.01A"	0.0195740708844068	0.103766558259629	0.127248654375014	0.120356560993875	0.110618298272361	0.0135416973712653	1.95118480446179e-14	0.013213776608484	0.171947759805081	0.319732623429864
"TCGA.B0.5121.01A"	0.0658192710620125	0.00119770862020144	0.0519579343952647	0.029746762783703	0.196311322855999	0.3570659987198	6.31373719434097e-14	0.0530202640478788	0.126553665504861	0.118327072010217
"TCGA.CZ.5989.01A"	0.199112453994841	0.0259401958813268	0.0369330105252543	0.0115610960287084	0.0231886554029929	0.115492923372724	0.26795047707943	0.124341487447319	0.105496826552589	0.0899828737148152
"TCGA.CZ.5987.11A"	0.170720285186106	0.10901812433522	0.0757264759652841	0.0992496089318168	0.0891440380132544	0.191272305477504	0.142338594145296	0.0571408600684299	0.0167137027609209	0.048676005116168
"TCGA.A3.3382.01A"	0.125778561480717	0.0901198778642572	0.0838254990438035	0.0816574587097532	0.0767831536104479	0.0595346958305771	0.148759208955976	0.158030031228146	0.109841267329334	0.0656702459469875
"TCGA.B0.4706.01A"	0.0815528455839004	0.133446387353371	0.00896991890722796	0.0921664171311788	0.170624250649351	0.130393426033705	0.00673408549058687	0.257039406223949	0.0825208610136907	0.0365524016130388
"TCGA.CJ.4916.01A"	0.049428958550628	0.0253016506432374	0.0617341757061894	0.0650545164253001	0.0616595518515824	0.0234653492421298	0.00211664581974645	0.0712038953734496	0.36043548400814	0.279599772379597
"TCGA.CZ.4853.01A"	0.0596786772103338	0.0391194773561671	3.04454715003943e-14	0.11263084005296	0.164375561859871	0.0721959510929684	0.164594323799452	0.181734454654773	0.142152213824807	0.0635185001486371
"TCGA.A3.3367.01A"	0.0901117146124641	0.0649553649077518	0.103482208420513	0.0438503797752458	0.0968668224492687	0.126979816438159	0.108718779052625	0.198413949970162	0.0768013864179465	0.0898195779558651
"TCGA.CZ.5456.11A"	0.0494445195747655	0.133324513985486	0.0243993685137257	0.165697345542817	0.253451739046408	0.127738574712715	0.0476118191535475	0.186173476752534	0.00487895103440431	0.00727969168359752
"TCGA.B0.5699.01A"	0.0658096860024025	0.0770541133023109	0.0689809699646171	0.100991678882177	0.072710988177971	0.0584378878653403	0.139024180386932	0.175779064019313	0.152228448112806	0.0889829832861299
"TCGA.A3.3383.01A"	0.0356787271902929	0.0400038768275371	0.102357273560246	0.106144276022289	0.0797898928715663	0.108133069292206	0.0192074779747177	0.0735859049422247	0.255613841774966	0.179485659543954
"TCGA.BP.5010.01A"	0.193450284694993	0.131161600181791	0.0503215061776974	0.135242051253659	0.0858537082190274	0.353761170312744	2.08943750913856e-14	0.0267987863700832	0.0104810668506247	0.0129298259393591
"TCGA.B0.5117.01A"	0.0061070367434045	0.0406371300580756	3.43169822190394e-14	0.273046343413604	0.289208352991811	0.0435454848120976	0.000610492646529944	0.320888187812576	3.57948943177663e-14	0.0259569715218312
"TCGA.B2.3924.01A"	0.0756036407715955	0.0317759545233653	0.0531037255705829	0.0478696962711872	0.0310862100910054	0.0315440414762456	0.0206841210554483	0.0676222136826502	0.404219589876515	0.236490806681405
"TCGA.CZ.5988.01A"	0.267924664841449	0.117606539676038	0.0344877960402504	0.0504510270348851	0.0367088103263681	0.135269719727546	0.195963003073794	0.0276009089438493	0.0713414609615877	0.0626460693742327
"TCGA.CJ.6028.01A"	0.157606883817218	0.0980520049102158	0.103801632332583	0.0559519677332853	0.0625078960717805	0.0315167836118402	0.0745861364308093	0.0331356877772942	0.216060645046728	0.166780362268245
"TCGA.A3.3376.01A"	0.151517947898443	0.0133261550539879	0.124714354983534	0.0481415550666958	0.0588748596788882	0.234727605940919	0.113299706257601	0.109299230644074	0.0498617475103365	0.0962368369655199
"TCGA.B0.5705.01A"	0.0954360806366454	0.0231093661333375	0.0340076211529615	0.0618917368206624	0.080087345400972	0.0957314834958585	0.160807122328986	0.134512979367181	0.192984171843865	0.12143209281953
"TCGA.B8.4622.11A"	0.0901433821524869	0.0697156611885708	0.0229814654732115	0.21169807955293	0.113566083221166	0.203762637788898	0.0247388352436469	0.0740431184208904	0.035771309590649	0.153579427367551
"TCGA.B8.5158.01A"	0.155535251155983	0.118546693479395	0.197122044991229	0.0667518219502941	0.0622805634235834	0.0288514876575989	0.0850298101403756	0.0527680330446149	0.153112443809336	0.0800018503475907
"TCGA.CZ.5465.01A"	0.151829603906872	0.0738011218836632	0.0671793314569572	0.0709821934202918	0.124155083554264	0.117721620291275	0.202479337592043	0.147224101586373	0.0407627233982209	0.00386488291004055
"TCGA.B0.4945.01A"	0.0864472288021562	0.0704661667825028	0.0272226919689716	0.0680535303975448	0.132513255273088	0.214470515387974	0.161763774611425	0.189025688750536	0.0345905878007667	0.0154465602250341
"TCGA.CJ.5681.11A"	0.0180804415993923	0.160770140799579	0.0021547587207467	0.273041644722218	0.257470563152859	0.0909555790104323	0.00691400497040674	0.170838368784254	0.00453760400375002	0.0152368942363626
"TCGA.B0.5695.01A"	0.150673790530997	0.0457041087028209	0.0273923869450076	0.0652945587246799	0.117560680960663	0.247125254789077	0.157161697735937	0.0934410038003276	0.0403082302950132	0.0553382875154771
"TCGA.CJ.6030.01A"	0.149486312194622	0.0647305051923052	0.176673643763589	0.0368115446268731	0.073385458944845	0.0244126677380514	0.0516538259343669	0.026734567072801	0.206740252068786	0.18937122246376
"TCGA.CJ.4889.01A"	0.18336762761364	0.0333320308957938	0.075482750179209	0.0472660907937655	0.0700028069074572	0.20397411536323	0.033061953805329	0.0157409433420236	0.0688910774897253	0.268880603609826
"TCGA.CJ.4920.01A"	0.182882348654967	0.135862847186981	0.152097690373069	0.0792316830458907	0.124271269295984	0.0967536056746722	0.0572952548263384	0.103848918605303	0.036189147751025	0.031567234585771
"TCGA.B8.4143.01A"	0.112724508695246	0.0874438900626662	0.0762883427864177	0.0911685472546922	0.0906765807830236	0.0200122496087231	0.024569120763496	0.139015066255833	0.216440966988667	0.141660726801235
"TCGA.CW.5581.01A"	0.118879767884195	0.0621543063926654	0.00118747749244622	0.099942973886859	0.092798119336435	0.122208154944984	0.191541567477499	0.108102076422511	0.113493814255125	0.0896917419072802
"TCGA.BP.5169.01A"	0.0460705566246336	0.099655035138486	0.0358570208388246	0.163053807398635	0.0709085861050897	0.0609594123237101	2.39239143736846e-14	0.00789943586189562	0.0873150661368955	0.428281079571806
"TCGA.B0.5712.11A"	0.107348762690076	0.101233516166072	0.0117654219083453	0.132815725248619	0.132272694482071	0.35537113869924	0.04773237907193	0.0414538052464734	0.00260161339100197	0.0674049430961726
"TCGA.BP.4161.01A"	0.0748596716178074	0.0602859500040542	0.114148017245706	0.0821701368972038	0.0653106674722884	0.0252643247212739	0.0677367068355662	0.109728220679736	0.202488441898844	0.19800786262752
"TCGA.CJ.4918.01A"	0.295505832808264	0.0547578262695938	0.12749663219801	0.0482355575299407	0.0415402078294905	0.166856580761153	0.0134279734430415	0.0521019706927185	0.0924477088676493	0.10762970960014
"TCGA.BP.4347.01A"	0.0879489010630633	0.0720014073641516	0.00164237033360938	0.0873955154375237	0.124550792296014	0.176336700511143	0.109015299358431	0.244230340748078	0.0523175878147021	0.0445610850732844
"TCGA.B2.4099.01A"	0.0530152556746939	0.0557250607593302	0.176076257581042	0.0541465909514777	0.0431628096998041	0.090514042705468	0.121341826620403	0.0678809539672762	0.246400538023769	0.0917366640167353
"TCGA.CJ.4897.01A"	0.235468720240165	0.02813302560287	0.00276079380177335	0.0862008458823363	0.0771828736307279	0.230028622158799	0.182338678482718	0.0769872979256705	0.0492489527365281	0.0316501895384114
"TCGA.CJ.4902.01A"	0.186761544124051	0.0355071974950089	0.0801507029399688	0.0813563919398773	0.0547624020006212	0.154351160898674	0.0269595044421042	0.0687938018354979	0.119895034310966	0.19146226001323
"TCGA.B0.5690.01A"	0.179909738009872	0.0394864260426372	0.0835290136803379	0.039375944185708	0.0743385489043417	0.221180798207569	0.0944196547628425	0.082022605800054	0.0702872786898673	0.115449991716771
"TCGA.A3.3325.01A"	0.124375683104819	0.044774228975481	0.134460152402949	0.0506441037363729	0.104517429785273	0.130092118131116	0.0790999739017619	0.147809251978682	0.0599286050625828	0.124298452920963
"TCGA.B0.4847.01A"	0.0346129697759694	0.0240412149659188	0.0636758730086394	0.0871112955286352	0.100122815249504	0.0386963702141907	1.81941149098207e-14	0.112768085226974	0.309166118640413	0.229805257389736
"TCGA.CZ.5451.01A"	0.116769234940161	0.0337251237163073	0.0381551094950079	0.0273882729464544	0.0937138147697783	0.214063270028538	0.158558123366826	0.0671669021236663	0.177774129168062	0.0726860194451991
"TCGA.CJ.4641.01A"	0.140336293402199	0.0695668424227451	0.0633523187894903	0.0790774749403897	0.0597898318255888	0.0335249172533209	0.0578666330223179	0.067986769045551	0.178804016489874	0.249694902808523
"TCGA.CZ.5453.01A"	0.0932846126346738	0.0943091439649182	0.0508205919869706	0.103717871181897	0.119718944580626	0.209829203918401	0.129815875219767	0.168659973699217	0.0140373699785209	0.015806412835008
"TCGA.B0.5710.01A"	0.238797979524769	0.0226826024800832	0.0253928976223747	0.0165690651558133	0.0980056086894219	0.227653682815995	0.14214750688329	0.0701778438748443	0.092281244722756	0.0662915682306531
"TCGA.CJ.4899.01A"	0.133954235707727	0.0331046810631381	0.0963019512495297	0.077447849779954	0.0500076865601035	0.239888655615339	0.127248357196797	0.0928747882320167	0.0400263803541951	0.109145414241199
"TCGA.A3.A8OV.01A"	0.0513306593860814	0.0420547083079898	0.100527248789034	0.0702432728316626	0.0960567104182777	0.0899893745905616	0.196567906639712	0.208399260871428	0.11601785723299	0.0288130009322619
"TCGA.CJ.5676.11A"	0.126930676316352	0.115770096657246	0.0178085789069437	0.193671025907639	0.116409415923804	0.14596551765233	0.0915788868930664	0.0977229475577591	0.0139155582258704	0.0802272959589892
"TCGA.MW.A4EC.01A"	0.0337912280124151	0.0832321096333642	0.0568906700938887	0.0684752161190597	0.123098210414833	0.214484018654172	0.151853589461532	0.181611048617942	0.0437798847663289	0.0427840242264643
"TCGA.A3.3313.01A"	0.0308745981540771	0.097491507584772	0.00392619164387996	0.191945694069375	0.19821760140873	0.0548729212454606	0.115904636089482	0.296063848558603	0.00768657623678502	0.00301642500883644
"TCGA.BP.5199.01A"	0.185278537472718	0.0661551648452673	0.0381884810995029	0.091575605032155	0.0970544326819545	0.0976578105292398	0.0228715612094383	0.0742544435080046	0.158154280517635	0.168809683104085
