"ID"	"CE1"	"CE2"	"CE3"	"CE4"	"CE5"	"CE6"	"CE7"	"CE8"	"CE9"	"CE10"
"X00936b9285d6b8665ae9122993fb8e91"	0.18761384203127	0.121787067418899	0.0207357375115209	0.142359558621297	0.114767634304757	0.11428248734181	0.0747427134762248	0.138277988417707	0.0265129281769233	0.0589200426995908
"X105622fadc33f23755ac2df823110aca"	0.0188112949165308	0.0842866182902651	0.0145375945919582	0.423872094602871	0.0734259895412411	0.142501427485476	0.0247247894087727	0.212880984486498	0.00495920667636736	1.9399462790938e-14
"Xe44f39747a8e84b02b4cb24659312144"	0.130884332151473	0.0422268431766017	0.0700160396078	0.0615226457382368	0.043503912948333	0.364087796110934	0.0920959285797227	0.116537562500487	0.0380258735485083	0.0410990656379033
"X293dd1284496215e9a0eca9f17a98e7e"	0.058649839185231	0.0763145466618253	0.154927015817877	0.0410747682497389	0.0209069692085956	0.179373350431586	0.0640370232718203	0.0871551555953724	0.171816138339469	0.145745193238485
"X01ed7190ce00862696edbf047b542045"	0.141932655179394	0.023897101429768	0.122490725466022	0.0446318927232828	0.0626670901864102	0.118003032248713	0.126975804777148	0.107750869650649	0.155738123564765	0.0959127047738476
"Xf4a6a5a1450a8448882e1c0aebc0eea5"	0.109053971538556	0.201205349820832	0.11520673525354	0.0744522606743399	0.0127133767895486	0.0477109770287185	0.118539036317562	0.10202970057352	0.187322178316026	0.0317664136873561
"Xf7ee4a331a8fd70edc240dff978c170d"	0.0874781226358313	0.0257835291193835	0.0695893328287076	0.135605553738192	0.0160333224571454	0.262318935389286	0.0821660221503943	0.0437099317968559	0.134004833394104	0.1433104164901
"Xcddbd4d01bc7513298a5135e97cfdb6b"	0.0959059720169905	0.120819563053484	0.321153444042501	0.0464709406308257	0.0608637702175511	0.0395515359698185	0.0326479775256819	0.0720604970971704	0.0911798870215138	0.119346412424463
"Xa57451efa2822becb256706fe939d078"	0.101486240004308	0.0416693598023353	0.0215621031499001	0.0411105595599902	0.0476548185414997	0.0284514055846209	0.147764888670977	0.120690647377348	0.19056513205889	0.259044845250131
"Xff8fbe2fe76c82d429d4fa1d315f3b93"	0.104071828288523	0.0602968183908799	0.0911409733263109	0.0519084249416262	0.0683385734448462	0.132380384883934	0.114595431930318	0.104028858577423	0.0574833644429279	0.215755341773211
"Xf9ad54895d67b651806deab25643ea6e"	0.190636022493463	0.0798678009839729	0.0898803929049996	0.0540117755875668	0.0067358673718437	0.0579750904730171	0.0956548092131973	0.0412703402354503	0.218633551608759	0.165334349127731
"X83864118183d6d44a78a1dcfd50420de"	0.224109013128813	0.0961262166340883	3.34696894178145e-14	0.117440856971638	0.0947203771919698	0.191604101501513	0.10160984180808	0.125448467574515	0.0410696925964557	0.00787143259289442
"X270eb069e858ab11185487082313a8ba"	0.0749996822221602	0.0894895506483099	0.0031574651320466	0.138246534473481	0.0716190817523125	0.119289278727545	0.305696913677983	0.116726543648792	0.0410772026277372	0.0396977470896327
"X47156c2ebd5ab6bc3498b6dfb70e9de1"	0.211052619907819	0.263721110740846	0.0110616489478898	0.0120500269909219	0.239912758828678	0.058725851983098	0.129893128868767	0.0585577022685082	0.00427540954767764	0.0107497419157945
"X33fe25b1ae7fa2d13b0cebf465cda997"	0.0459945689087043	0.0360379897474802	1.41269486771212e-14	0.122430199281867	0.0816348130920684	0.17390316393312	0.172843040011265	0.215358780730691	0.0448281237629659	0.106969320531824
"X97b6866aa994b9796e91aef65c9aa00a"	0.120535164099048	0.0731019413261633	0.0623043275112242	0.013127490308014	0.059437815930177	0.0044606936589159	0.217284812350004	0.0748745953931175	0.0852789770887774	0.289594182334559
"X5698d14afa59bd77bef894d49d33c6d2"	0.258561144223095	0.0200582014674526	0.0444926873257473	0.0270398406160231	0.0274688519654016	0.245721316524123	0.0664698022141055	0.0308952668540789	0.165176874773097	0.114116014036875
"X3bb0665c45e2decbd5439bf13b7cd0ad"	0.265597178988294	0.141729498647898	0.101680721156153	0.0758038151058906	0.0491571994986421	0.092766691294434	0.0829530047387004	0.128988287065213	0.0371676993601283	0.024155904144647
"X2d6a79464a71daaa1047f0a261d5eb07"	0.256233015173605	0.229514856570061	0.261742642887526	0.00142972362498368	0.0113309191626066	0.00637067148454196	0.0479573247677129	0.00870334514066881	0.158179759059915	0.0185377421283794
"X97d1afa809fb0c655921c0ca2b2f9d64"	0.137979675153399	0.0306794763812709	0.021994965107559	0.0801155827306815	0.125067288465671	0.0783951377316694	0.230879223940992	0.270304236748792	0.00920268671163332	0.0153817270283322
"X5f3b11e482ba5ccba88a68c876d2bd7f"	0.152616323928159	0.174754766700194	0.0396004597676352	0.155704750013848	0.00753992187432888	0.144897851114452	0.0789850601008038	0.0321113125781629	0.091831287666997	0.121958266255419
"X832e10f63e678f47e1ca9df1eed387d4"	0.094925063797234	0.0799549088709701	0.0346007974483067	0.0728377688015869	0.183206694906683	0.135603212371692	0.0942265424887001	0.207562293067872	0.0316536973030739	0.0654290209438812
"X441f1fa08e92bc869755da2f1d547f92"	0.165567319440523	0.0782672397771809	0.0489763669361152	0.0501378208430079	0.01266805981964	0.0935967207281049	0.0474812017267955	0.0204192354836841	0.246178654267394	0.236707380977555
"X193d13fc662c7a4c86416d856d767d0e"	0.0593137570249589	0.0171100162924004	0.157223192057883	0.00954120820075309	0.0184900878103932	0.223041256662463	0.0930831769464508	0.0763346560113763	0.203163924982296	0.142698724011025
"X2d0a4d6a0245eddc55832f3567edc1b0"	0.0775394781576512	0.198274934219055	0.00896803385059291	0.071237580965882	0.113744379987475	0.2407843160936	0.0298484214903059	0.0721677304956429	0.0376190542586813	0.149816070481113
"Xfa384aff1a21a428ddc61730d791ac07"	0.0957236410044019	0.0494984294696765	0.00208738924813051	0.118673496685119	0.142946915464407	0.185440642975643	0.150388184768956	0.189296410769858	0.0374528915282018	0.0284919980856061
"Xce653fac9fcd291555d86026cbbe73af"	0.353026214829107	0.0710345344546052	0.134563337014601	0.0136667652279018	0.036677071938378	0.117747286498925	0.0672073729564777	0.0481115732302848	0.0420015597785462	0.115964284071174
"Xaa1b3ba6002fdc8b8b13bc722b2fe074"	0.36505538756063	0.0335260636524801	0.0163036899145087	0.0488076330890702	0.0714607885386667	0.255211922795821	0.0409651791525783	0.137419018049463	0.0108752406932331	0.0203750765535487
"X4a34559af77fd876c74d98c1fd581aa2"	0.133783744100061	0.0193727405998073	0.122505351796989	0.0169216476501804	0.0467256795060543	0.292981952068881	0.0638575873887249	0.104021323694602	0.107327249910243	0.092502723284457
"X4c20c40030741ca8a07e483e26a19e67"	0.108170844739426	0.0651608829969503	0.0150567317237534	0.0541828947627663	0.0234110271112441	0.0411352564162306	0.0775372242148185	0.0836324359804022	0.261457963024513	0.270254739029896
"X99252e20f6fafaefaf3fadf51acc1ed2"	0.0361239911752083	0.0202849564791082	0.0129621071858718	0.0850703438528046	0.158573891252829	0.0947277917561259	0.267604411319858	0.294549064111074	0.00816320319876777	0.0219402396683522
"X07e01fdcb86fd0ab6446d7f20038d4a1"	0.268531554118618	0.0558369406350928	0.0303202177021761	0.0428790763225483	0.121331178052987	0.0980704621287216	0.147776566118812	0.168555052412699	0.00638763987827715	0.0603113126300686
"X8bbd8072d4cd190553dfaa7aaa7b19d6"	0.148931991083538	0.0885927660351839	0.0093060243820004	0.103081470218849	0.0623178610587768	0.146760496812771	0.121182019539199	0.0977374312845631	0.073280036653931	0.148809902931188
"X0bc0ebe2508cfcb3e0c4853061e2c638"	0.174801765527402	0.0400331121249422	0.0505800233229262	0.0456694794485063	0.0841201673290818	0.217344644075719	0.198792811503447	0.150364545959329	0.0306425174343214	0.00765093327432396
"X6f5f07201e23cbc8659f078d29b36cac"	0.311148052990232	0.147803640895436	0.332535061585364	0.00318847054962572	0.0151712933726268	0.0441254245192161	0.0245569655622501	0.0105278180205106	0.0951081012564841	0.0158351712482546
"X6a295c4f7db25ea5ad800d1d9df4cdfb"	0.0377542260621302	0.0592123456898338	0.0175523411784175	0.213279759461574	0.198251869419533	0.0393410873707497	0.196135336673889	0.231016526846728	0.00308741053148479	0.00436909676565909
"X5db3fb52bae7f0ca108b11eac258a5ea"	0.404593210508912	0.0297424270207458	0.0185745649060558	0.0315385344810094	0.0531052214452798	0.193759491048314	0.0981340953483815	0.0911202659415479	0.0533337271314962	0.0260984621682573
"X0d698cf8dde695f7a8cdfad41fad55f1"	0.07354121688626	0.022906838190158	0.0875108926098759	0.0616447583540618	0.0847221350103223	0.357213396479133	0.198782228916868	0.10779726767036	0.00555041988378535	0.000330845999175445
"X64875728bb1ba831bf8b886cbb20235b"	0.183424178436681	0.190917377515987	0.0775409732035778	0.0419679549189459	0.14751103232768	0.0554025119979601	0.146700583070242	0.131279569447303	0.0251124717103512	0.000143347371271854
"X419386e8a743aeb75391e63f78626066"	0.102727958092562	0.0280387409484611	0.00600495327062046	0.0339324620744406	0.0896703156112169	0.289595444189816	0.101168989494072	0.0879862828250161	0.0819399522237379	0.178934901270057
"Xd14fb91b737e78e07ee6622e56539dcd"	0.347184247349955	0.1549652530045	0.0870651132620025	0.0189592436966319	0.0741426932586783	0.0380931448428855	0.104514869776657	0.0354853331985853	0.11048180624097	0.029108295369135
"X111cb9fffc9fc55d838d097af1e3b727"	0.184877390515999	0.0879356715069753	0.0492553300893394	0.058388744395293	0.0830954154724743	0.0485114366444601	0.0967810478050247	0.0900693365380921	0.10503435160746	0.196051275424883
"Xbebf2ac740744d14a9c3196582773a65"	0.15483819192538	0.0427105285103682	0.124335737445589	0.0331259502096635	0.036360763969615	0.276513134012669	0.060258502815124	0.0606013918785395	0.0659177722842977	0.145338026948754
"X55bb7aa07ad1c420285fa296f511e9fa"	0.10912655497827	0.0969127524123786	0.162105033458048	0.0541115766361496	0.047884473640554	0.0464676136218242	0.0706141195063667	0.0594021327184908	0.237016685126202	0.116359057901716
"X7354734a2b7779fc172b8fa7062a7f3e"	0.120615173216188	0.0490274322873344	0.0345530711855194	0.0282261510112607	0.10191473418171	0.352911786797884	0.108360144594827	0.172825172173036	0.00568730895960843	0.0258790255926317
"X31dc99ac3198e9b0437786a6f2edc50d"	0.0965198090633454	0.090578896511728	0.0207084120867279	0.0278098660484355	0.166260350989598	0.0466296481706247	0.0785427201661755	0.136656152594734	0.156848166309186	0.179445978059445
"X52f703a2b6e5dab5d2ebebc819a4573e"	0.220726779092856	0.0122922036054029	0.0432902927305712	0.0361658743098022	0.0907400255578116	0.357055993746963	0.0943347105353575	0.120789914843191	0.0172431435027265	0.00736106207531816
"Xe3a92c49455bf11904afa9c1d9661350"	0.0471247758917498	0.00802043232902323	0.0743485296712252	0.0246928559016989	0.0854388483615979	0.142914288425376	0.0245357677013576	0.0930575313227985	0.285084065335252	0.214782905059921
"Xfab3b2d8b666d807064f44cf2671b1af"	0.0412277173142522	0.0735556518671143	0.00492072733398761	0.0416937700192751	0.0993735739124565	0.203169940122299	0.0465428099009599	0.144843094615904	0.12922579522364	0.215446919690112
"X1cb9577d90b2a15e59959f7f911e6689"	0.139146864097489	0.00662576579480477	0.0255255573889941	0.0210727757603153	0.0443329559101428	0.542730989979573	0.0631385612614792	0.133492347203276	0.00510971688425874	0.0188244657196663
"X7705345d3d9843faab494c3b8319a90a"	0.217406463386798	0.071701888525911	0.00562981679789554	0.0738309353067467	0.170746716188849	0.173152954560251	0.0756236354950367	0.190862049488501	0.00855230671526484	0.0124932335347459
"X051ff3f6fc50a9899007b53b374ff36b"	0.164816412563919	0.100809468930066	0.256538118662243	0.0383615614763338	0.0268243663911917	0.019780470858038	0.0678859377574805	0.0524760763106617	0.157895956411138	0.114611630638928
"Xf00ad8a7026f9f410e9a4391d1787f46"	0.188129039655213	0.157919289526407	0.133419815026347	0.0386190282735569	0.0502336198167058	0.0718583876315808	0.0157412431297121	0.0447027353294255	0.187226905764873	0.112149935846179
"X046d63897cffd07093069e1986db4014"	0.113062234068839	0.170298319788935	0.0835534164601203	0.0176911260837739	0.0386947131541848	0.277683600329253	0.0518364781861356	0.0963325042410235	0.0546172968581451	0.09623031082959
"X52d32af145d65a9fd0a8f433dce1baa0"	0.265791074950573	0.0906961261514451	0.12795841405515	0.00427354016400136	0.0295648466773625	0.0522033606446036	0.0650481151266265	0.0131599874343767	0.15838110453144	0.19292343026442
"X872dded2f52f2be7d52eb034e273aba4"	0.0304115521175868	0.0354716814842079	0.0247220131308978	0.239573058635623	0.0945590570339729	0.0554081284972977	0.289308682175337	0.217405659851366	0.0125396559522611	0.000600511121450452
"X5baf5f197178a266431ca78d774ff73b"	0.122290912239498	0.0533957619584559	0.0673532800705825	0.0559956016395161	0.0626689841180819	0.0787042734595679	0.119490304064756	0.0853264577643708	0.185067475587357	0.169706949097814
"X16772d239c75dacdd83f312235b63536"	0.166262238495115	0.162604741026316	0.135690896429216	0.0388726247174046	0.046698063808722	0.0467649245125598	0.0295682993136665	0.0320776731407146	0.25832102273355	0.0831395158227367
"Xc59f11474e4e288c94b16010682b8f96"	0.0253077881011195	0.0402915011595265	0.00112062412187822	0.153562477628292	0.105883674391993	0.297914952115365	0.178319168008378	0.176333899949475	0.0127490479684252	0.00851686655554755
"X8bbe55f701b2cb1741c3c8d3fc3e5f6f"	0.0929754254947048	0.0801538760230771	0.155328981279254	0.089629148660445	0.0384790562025731	0.226301817335267	0.136953969937177	0.0919018623731095	0.0222166664851309	0.0660591962092614
"Xa755249e1936fab43234f6197f086d49"	0.272635915633066	0.0367857971387421	0.16517009843011	0.00586781199256666	0.0281320802969485	0.342092346879258	0.0709780161686173	0.0366131902149947	0.0145147646904978	0.0272099785551986
"Xd9e044356ada439e9bb8b532db358d22"	0.147260460060664	0.0840098240698094	0.24074611995832	0.0101154372114234	0.0642590698437183	0.0171412923336237	0.0502909685316412	0.0064433811641048	0.279574832494514	0.10015861433218
"X142598966b9c6f373bd9f077689c67d8"	0.200669599253599	0.129197992054624	0.110854394025723	0.0239286061869031	0.0507849775198979	0.00763448012014875	0.0687207980650198	0.0324959363998637	0.220992792382636	0.154720423991585
"X680a33183fd78f2b9a08c97342f7a9b0"	0.0395859461442149	0.0685914150360108	0.0978614713988912	0.151115995943108	0.0378409998204216	0.118147386151738	0.101812455907272	0.111375667223749	0.119254957126942	0.154413705247653
"X185c844f7285ea8ae7eff4047bf8e2e8"	0.294745666104161	0.0175124224213796	0.0210068562826726	0.0835251688587797	0.150226688921791	0.0694958065864769	0.0846688905834297	0.270356101780297	0.0048263470780395	0.00363605138297346
"X09a4c5313418bc448fa16ba847012a9d"	0.166654836091522	0.047910174044333	0.122018106061051	0.0533041776542587	0.122094423317816	0.0882927015539539	0.0753489469446831	0.136667474255374	0.147020516508413	0.0406886435685957
"X5f6d56c13a1a7968d5c20cf44c9ed3d9"	0.208118960763412	0.142634105321413	0.0571291957326271	0.0141730333685232	0.0852228565731259	0.0092737665238404	0.245803494734581	0.141979533083703	0.0648049412988469	0.0308601125999266
"Xeea47674d745fb638f7ed5d517b8e220"	0.027138579372057	0.0765944288371862	0.0802028091037414	0.0250959633052517	0.0352399735838066	0.163247996768498	0.153728070229937	0.107917865252588	0.179880332530024	0.15095398101691
"Xf8574b7124f7a3b9e886350b171a85ba"	0.29465613011656	0.0347453609482039	0.0590924649160638	0.0529858979416078	0.11770523897323	0.0697019474109878	0.130810417009296	0.158965497745068	0.0487795092844626	0.0325575356545189
"X5de3a983edc9aa39a8a090196504d7f1"	0.0607024433365152	0.0266732738124217	0.0524072138132402	0.0793234186641202	0.103303884168734	0.0559038684734983	0.0749664837965869	0.128390923072822	0.220931534123274	0.197396956738788
"X40e911a28e5b04b44b080cc04a5fd654"	0.00271443652959876	0.0471445589635094	0.00166412734533893	0.406503657838508	0.112519496645831	0.15239943095294	0.00505720618140224	0.267330421544143	0.00466666399871054	1.92852251085564e-14
"Xe1b0f87c25889df31bc0fe76a68853b6"	0.110203447754279	0.176954516846467	0.0765479879019577	0.00389625931288102	0.142005865671915	0.0422036560358557	0.0320770225309674	0.119427027561659	0.192589694902519	0.104094521481499
"X4c8bc6afa4b41d21c24cbd1f6acbf449"	0.243778835599832	0.138040207448321	0.0196816333391805	0.116228875352302	0.0502607090021506	0.045096003481032	0.190883550367997	0.185058634448566	0.00645390174754414	0.00451764921307419
"Xcb607df67dd6bb88c5aae2ff65c485ee"	0.157811796731446	0.110212657923756	0.12145696899382	0.0388575289982276	0.0422908942202542	0.0567659893553404	0.116633627148163	0.138199854682443	0.12601667201286	0.0917540099336904
"X09dfa3b617b555a9df17e99b40f9db89"	0.0963445604343399	0.121467327096865	0.0641420112464679	0.00955745855820862	0.145300285773944	0.00836812970720006	0.172323354009668	0.167004797659137	0.0509433184258454	0.164548757088325
"X272fccee2682565378fb775496b50155"	0.115940682914656	0.111730961439287	0.108036793150781	0.00553338275963908	0.0720045666113597	0.00184254620894591	0.0996844309093471	0.0501132219296423	0.294556570672452	0.140556843403889
"X9b233d12051942da673360eae83092bb"	0.205363124702499	0.101673384975576	0.0315458409106878	0.0661598205491383	0.11149545899169	0.0422947237058001	0.0819153752829157	0.0354748428640041	0.157407267653911	0.166670160363778
"X204ddf78ad407b33588fa54b11ec93fe"	0.0546478068125956	0.0173679138778751	0.0117841959678087	0.493117820915806	0.0580554398765856	0.223743284396505	0.0535084281299321	0.0851734884336972	1.03084928974027e-14	0.00260162158918436
"X4c53ca0da8a337cc85f13c6beee2f35c"	0.382543649109635	0.0554530074856187	0.0334609988165828	0.0335910254389633	0.0515664246064089	0.100177547834552	0.142787346184584	0.172646843601589	0.0228258704799837	0.00494728644208285
"Xa52b10d9515b8daf85f93fc3df9c321a"	0.142926206387462	0.174070266831944	0.0231400190070369	0.0140220857177087	0.0869675079985195	0.177694760264691	0.080651687787052	0.0747920907810299	0.131342360300943	0.094393014923613
"X1282a363cb519143621bb786e756e788"	0.14970837609955	0.0447442524738953	0.0296275180942842	0.0693200544940962	0.0470494201599443	0.113537479517224	0.0841610158984868	0.107454549259798	0.16007831374168	0.194319020261043
"X0266eeade6ca63ad927d85117f882655"	0.0347897532956782	0.00926998049917713	0.00429970978218334	0.0589498717643397	0.412827631863757	0.195290370427363	0.0717491387575699	0.21188910283895	0.000339995749409134	0.000594445021571788
"X2b5f3fd2a90978b344fec39d51c54017"	0.161500627253516	0.0894642933234117	0.201939165002484	0.024563518506122	0.0422569094806759	0.022892844269008	0.0273138618313169	0.0448284172619749	0.30528693884298	0.0799534242285106
"Xfa9dc94d5b73817daa418a97c1645c1a"	0.0208114141842311	0.0394559361199306	0.0791221048904513	0.277225728833064	0.0313708824848696	0.202525929619485	0.0765741049677877	0.186049641206162	0.0541576834320477	0.0327065742619703
"Xbb15b2459d7bf3d5515151f9de1e9756"	0.0751296802793831	0.0957888889424476	0.0112650598193181	0.149226729283987	0.120877737041122	0.0593723861388261	0.179677931594671	0.287556632636571	0.0174368314186564	0.00366812284501854
"Xbd1ed66c2fd724c85f233574a890149d"	0.0904598640608392	0.151992946387204	0.261104509001479	0.142131356402799	0.0152009296018416	0.0154927715999538	0.0870017048163221	0.0193281976266776	0.185103424245611	0.0321842962572732
"X8224b875993f51494672ed5edf92ea3c"	0.11817541966348	0.169324646206034	0.0328016413996395	0.0249456134948941	0.0485895633489212	0.158851245984112	0.0564055699865901	0.127973747855545	0.116829837525478	0.146102714535307
"Xc4b7b0ee94a4981e06e6d598a29bff57"	0.0739804551951573	0.0195901209194036	0.098752949341146	0.0249120126035291	0.0626738665228086	0.178678420362785	0.0389487495870931	0.0854083915889665	0.257143210178278	0.159911823700833
"X554f7b5a74e90e51d22efb03b2581225"	0.154065397373015	0.0760143480743966	0.094016610627635	0.0256366602104806	0.0242711822279211	0.151682088370959	0.134062383097137	0.0788623520445466	0.125169788203092	0.136219189770817
"X40f0e24dd55565b8fabafb2e09eb6526"	0.107688943014388	0.0803817760487782	0.0484285098486244	0.0678273075695044	0.0362120834801878	0.253442377609618	0.130377392560079	0.194261623483958	0.0779777784687956	0.00340220791606587
"X578b112acdb7a280ee7a333abf958899"	0.0529654285430349	0.0155269526450744	0.0507435370490181	0.0576544086485807	0.0957587769431549	0.17744580685349	0.0754198572275473	0.158751040770941	0.197737371356938	0.117996819962222
"Xa05d7892b8a58c890541ef76171d8139"	0.0728394665420221	0.0682096012344746	0.0838640470094241	0.0858576473030159	0.183447559642691	0.0785430764679477	0.117612262297045	0.260356295895143	0.0319444737488554	0.0173255698593807
"Xd8a98f3c034a61b3e4cd919898417385"	0.117962620266355	0.0162035659015972	0.000699560377251936	0.0560862573541026	0.110221240396438	0.35141193235749	0.183352584364477	0.15918593142802	0.00487630755424983	1.7695091180557e-14
"Xc188b96b05bf78247e14a26fb7231ec3"	0.0157184888083716	0.0814288341195148	0.225441590456099	0.0296556291149912	0.0374550223150904	0.327309871423271	0.034546943217868	0.0997149449516424	0.0683782728629854	0.0803504027301654
"X956b58c9f3bc9154ebccad2ff4dad365"	0.0577323501850486	0.0534622754954273	0.0133515649647792	0.108699870296131	0.0475360020853837	0.115516330208317	0.28778790873525	0.292973690028021	0.0201771269385044	0.00276288106313772
"X5f162dc7790e03b002ba75d5db05e0a9"	0.21516346262589	0.0786550883682538	0.00893042735480258	0.0511346182531731	0.0632670629637172	0.183645192989519	0.0809727331836907	0.104994139531922	0.0377067421983323	0.1755305325307
"Xee16677b2ffe9e0e7d96098fa2c24767"	0.0420845716552506	0.0581876722376584	0.0237491574890885	0.132667120573445	0.161584964060295	0.26447652524811	0.0962777922326856	0.179970319593446	0.00870264740385743	0.0322992295061634
"Xa90a3aa39f672f2756323d3c2217e355"	0.319636557848658	0.229484770077272	0.174831167579616	0.0122255866841757	0.0212664863696435	0.0381059740324783	0.132359481229428	0.0431579587733102	0.0289320174053972	2.12442084083016e-14
"X5e3f9f5f902b6fa7420fac1e04a2559c"	0.395860786614125	0.172694282313233	0.265375706880078	0.0219649401257283	0.0200779480211511	0.0265862905460517	0.0189639254927173	0.0173054886421657	0.0449671009375919	0.0162035304271586
"Xd39e67062f2c834c707b85a43e564cd4"	0.106131310962812	0.0563509725829429	0.156980152973376	0.0854013448619007	0.0762855116623988	0.253089332114723	0.0458116486219784	0.114834096386353	0.0448907514091832	0.0602248784243315
"X54dd7db38d84c7317ac97ea0525ea9f8"	0.0227946653651214	0.172567728925301	0.0470389341198628	0.0822462338410734	0.114839981769381	0.157374880822774	0.0174967399218656	0.116364080259367	0.0526472104287692	0.216629544546486
"Xf1ffe6ffb2047ae25a3a9938406edb89"	0.110911772122764	0.102424990562424	0.176244446224973	0.117306856284281	0.0620487042508645	0.0412768956294514	0.127127941597687	0.0379626537054119	0.0860427779896193	0.138652961632524
"X490b3aaf0b34d71712e894ca670bff00"	2.95267789423585e-14	0.0153917976816081	0.0889511165950936	0.521096660557414	0.0418366813388448	0.18976072953905	0.0028386241544343	0.0514525304465821	0.0187290631289612	0.0699427965579828
"X0ab7ff33e9730deabcef80d2cc91f9ed"	0.0366387557010903	0.0402208054740228	0.0251969688742074	0.0498023531324129	0.0924872990019394	0.174839681273566	0.141339033892868	0.1600996849497	0.117066677964036	0.162308739736156
"Xc24c2d5c9e3fbe370b73035d1fe213ed"	0.0616761055379995	0.0405348725519757	0.0274953436235782	0.0520277359750191	0.0888727007731611	0.183654991153529	0.311366274605008	0.230056734670434	0.00431524110926762	2.75957837257885e-14
"Xdf88f47459cd3df812fb7460a83728da"	0.216387437449233	0.133163812206192	0.105932945503134	0.0596329040532903	0.020600179994762	0.0649097085956194	0.089334495922284	0.0263619272430998	0.128839398989222	0.154837190043164
"X502dfff1180e1952d964196c8493633b"	0.0821789435566678	0.172080902367245	0.0168169872222267	0.0419421853658326	0.0872548561494824	0.0263605634163811	0.0385376316186798	0.0519239861039321	0.320876232569132	0.162027711630421
"X607e127bc3f0f2741a16db6f4d381a3b"	0.152275711650034	0.0128429685909324	0.0873770313935499	0.03144400352788	0.00476206944710603	0.0402577158071333	0.0728901016189819	0.0326542264798179	0.306394304620785	0.259101866863779
"X84e83abd42afb7a8f9e890db309e939a"	0.12154514690554	0.0498418813004631	0.0598967636780632	0.0055185077821878	0.16331336430618	0.0825366733841391	0.202640707784801	0.10221726169079	0.0713867211679369	0.141102971999899
"Xcac44b421f2becc20ee74493b10ee0b7"	0.0848544049481059	0.125181939674521	0.0528309046422267	0.00410706147369488	0.061799300059307	0.103215144577012	0.10518701835184	0.0695619755455296	0.0582464132561357	0.335015837471628
"X46c3c80adf66dc80a778498311a1fac6"	0.173032280331195	0.100613391462107	0.086986810055882	0.0263379273893076	0.0698109290345153	0.187419174307801	0.0735302610644773	0.0769758521243228	0.0644865944993164	0.140806779731076
"Xccb12de1235ae5fbeced36bc8d13e7e7"	0.121182146054226	0.0593585974053487	0.0521393983011707	0.0522035041379625	0.0610692877125295	0.0892546096686802	0.0498595515561912	0.124171648295058	0.155262327742706	0.235498929126126
"Xc0183c37a6bb780e64db1e0c9e3fa76f"	0.342948665231184	0.071402568203165	0.117351824379628	0.0545886769949733	0.0187248624408319	0.179290031083302	0.118201503523217	0.0500217497679	0.0243655831640055	0.0231045352117918
"X5249c43c8376ddd9ea109e43669e06e0"	0.148991635797545	0.075140480813138	0.0367570868642691	0.078738806899649	0.100422013863651	0.216380682046841	0.188548493016036	0.119453855113201	0.00508168136108312	0.0304852642245875
"X65ab81a70a3884a528b4e080a7dda7a8"	0.126406470076194	0.026768710326591	0.0219395567905456	0.370950007365831	0.0837768539293881	0.101720096929972	0.0413214334441085	0.0894563506973414	0.0768821686561775	0.0607783517838515
"X0099d88de74c5734bc0323e6c531ce9b"	0.139201252239436	0.0256955629334375	0.0601957661255041	0.0365761347851325	0.0278990253887018	0.161300184668746	0.0921993400401203	0.0176109295670441	0.157048898549286	0.282272905702591
"X4188bd9ad1e2c2f2d6a429c29ec28532"	0.134809185269504	0.0496072699194436	0.173705796457584	0.063099727262159	0.0442726580040552	0.189255606694176	0.147017921091043	0.15349083546973	0.00889501037472495	0.0358459894575799
"X1096a9d28ca7950724a896867e729133"	0.0607561832648342	0.125525769468712	0.0261854370194852	0.0973493605907446	0.209815759582957	0.0817261466796335	0.19500988986341	0.199347635926532	1.1341513682533e-08	0.00428380626217792
"X298d47047ef997bfd4c253dca2cc0588"	0.110309426432601	0.115154736603389	0.159056136883752	0.0067969150489887	0.010463452588796	0.139004492829829	0.0910613381019192	0.0342969396801292	0.139214940640023	0.194641621190574
"X2202ed712481940f934cfb5812b743f3"	0.1588501527666	0.0876026516587096	0.218463491156001	0.00227330632942494	0.0269592945007718	0.0030856956698566	0.200691923163752	0.101317031764109	0.177389836401452	0.023366616589323
"X1bdeccb61df1623412271e05874b0094"	0.0263045877703137	0.0669620443610601	0.0188725952971954	0.120014214185324	0.158667484455112	0.126737479862777	0.230082332504912	0.232790496941021	0.00496423071218178	0.0146045339101029
"Xfb9f7ca2d7daad69473b1192db1d7c30"	0.17018483368697	0.0385038886525111	0.0803177426757973	0.0501749739741541	0.00040094760445423	0.246198166667843	0.164102344490476	0.0586826131015243	0.0986675223125475	0.0927669668337218
"X0d5f6c7702aa2126719f1449869cb871"	0.327741811287052	0.170101431385328	0.149852050261261	0.00896729188599696	0.0182720302455608	0.097205578161553	0.119931779175171	0.0525083862399602	0.0496254919070474	0.00579414945107006
"X7633ae66d8c814f618ccf6a136fcb5d5"	0.270160070481579	0.0128805958659793	0.123529671405747	0.00412001079698909	0.00573453650224981	0.0637585874459434	0.0548912291820308	0.033670493125807	0.234008151337784	0.197246653855891
"Xe8e5271bc8c846a413d8a8738f7305c5"	0.0588430066024352	0.0287490013849405	0.0686922212651224	0.107287366109208	0.0733694553578363	0.215832251970021	0.188851315813335	0.179734521919292	0.0265050447517087	0.0521358148261009
"Xedf05e441e14f691663cd2d1807276b4"	0.232126415550446	0.155742681468351	0.0572598528221306	0.131881225255119	0.0528517515584613	0.0161371647776174	0.114037626976249	0.0294455980462991	0.101931683196498	0.10858600034883
"X54d26518c4a4300bbefa41c5a25040ec"	0.00394994070168729	0.0631544962399305	0.0354810078651337	0.556313276785191	0.0375005476460072	0.112604005551237	0.00796787480775683	0.156622687955	0.0237551184803818	0.00265104396767342
"Xf248a96e9f28c80844e8c27fc86d3e4d"	0.0592446539052569	0.127460471912368	0.14058803859628	0.0503244373712747	0.0395314409052687	0.25449485878935	0.181457747341994	0.0632015531889072	0.0349560687349444	0.0487407292543562
"X942564e2e36dccdd3abc6e3da165c8c6"	0.147006157152012	0.0719090116186012	0.101137077490415	0.0543784059367155	0.0376403119347134	0.204209901714653	0.146224220184223	0.077052376715738	0.0350489075609545	0.125393629691975
"Xb062ce653c73b5ff8a3ed1b0f3534651"	0.189201557852301	0.0959305927743798	0.0542584024902481	0.0148000272631875	0.148245150349985	0.110643887794998	0.10698011657511	0.0430107400750009	0.156639695750297	0.0802898290744929
"X62b6c7739d9d7e6d52985b4c46c4d00a"	0.195526307093097	0.309020171457881	0.0602239862410093	0.125803031453837	0.0745932024291593	0.100703089979276	0.0509855981150748	0.0505284660004868	0.031007781274926	0.00160836595525243
"Xd25d93b78bd1e0867aad1aab4ff01342"	0.100189342576937	0.035485650354708	0.120824570357506	0.0408635210312276	0.118778745888236	0.221489792665915	0.150038086324855	0.1178772354609	0.0531424056158048	0.0413106497239102
"X8e1ad2854c3bea90f66eef338b4f813f"	0.0487762362507093	0.0680554748883015	0.0142908428445243	0.254653159659058	0.121633303842531	0.110643258728784	0.119885491485755	0.257581024689787	0.0044812076105376	1.21297304204944e-14
"X287b3d4433b74e09d38721f8c403f553"	0.12507984005115	0.120593944141249	0.198442639508863	0.0369147947185958	0.0356278123960793	0.145693539923351	0.0697860405108689	0.092549296461914	0.103345674038538	0.0719664182493907
"X2120e95574229d89ab8e6890708ae502"	0.19966089089625	0.228310942181281	0.133166705216029	0.0623978488369294	0.0468157899117849	0.0884092715339162	0.0702261442678036	0.139839732555322	0.0304109585603863	0.000761716040296268
"Xd96588b7afb60fd88370d1f48bc427aa"	0.166543830787137	0.0692029009464808	0.200952642488399	0.0136119868183661	0.00227162287260505	0.0652286009838953	0.0619603167757386	0.00693466100100935	0.202220745536265	0.211072691790104
"X5a425ff0c21242dd543426597208a950"	0.192092682517908	0.0527135502005153	0.177069636562505	0.133593278414907	0.0688969568883504	0.165280933059837	0.0821804003635755	0.0451357187487051	0.0430041382539696	0.0400327049897277
"Xc69e258f8fe7aab43915d72d4842bfd5"	0.385866895075318	0.23134253785839	0.0530948934305366	0.0163253300568535	0.063379499303579	0.122520810556307	0.0572281624826339	0.0611354402185954	0.00202655894470666	0.0070798720730804
"Xd77c1f9d62e12082abb31e74d3c8d6df"	0.07955732865958	0.082618624746511	0.0646158882640992	0.0926445659368067	0.0353759729981625	0.131272158254973	0.19229345082576	0.157364382144147	0.131215422045539	0.0330422061244201
"X01b45623e3bb135c0446448c619c9e45"	0.184911439015262	0.177877765262996	0.18470728350029	0.00189847938787828	0.0333823759469034	0.00347229601314687	0.0461174175270483	0.0113450381839387	0.265553788470041	0.0907341166924955
"X64a237d7f7f6096638bfab20b7a0975b"	0.0871132006656584	0.00649543216445468	0.0861435253122187	0.025660233478568	0.0326784368426123	0.121211026473095	0.125617386722724	0.0927722731131595	0.22155225057795	0.20075623464956
"Xd15a6cf4a5cb803bad1e1018c3860868"	0.0613048666759445	0.114294989600641	0.0213215521974327	0.115656659988495	0.150701869601376	0.0453849211434122	0.204362509034534	0.272911420176835	0.0140612115813115	1.76452587103668e-14
"X2d32545eaa2458ef0fb3f49222cf988a"	0.0944529705906739	0.00614560349172811	0.0765123100000072	0.0501722472982471	0.059826437924624	0.0598620653806795	0.0939083428124322	0.0973320719090257	0.306909998460601	0.154877952131981
"Xa7b387551de3ed990e8439c16b16e051"	0.0797468060224703	0.0762983161161357	0.0463275652352073	0.0129571515884958	0.0363522815080347	0.0224548356652969	0.20804679428198	0.106743573097679	0.150362409686253	0.260710266798447
"X69e3512f7d6ff609c8b727e541e22187"	0.415079345211545	0.222208093783811	0.113975907629519	0.0475822864301471	0.0366543395336047	0.0297093409910374	0.0695613825736214	0.0365505155790813	0.0245429260006946	0.00413586226693862
"X3e72c667849f46d12575de2c8fe1b73f"	0.0480941583406972	0.0374922074786137	0.10001375655719	0.100934464763599	0.0394053357672966	0.174286240451027	0.0686413579457189	0.0992237974508199	0.134178811355321	0.197729869889717
"Xfa8012d58e6e95476342cc3e0d7eefa3"	0.0115049465889423	0.0893456811229761	0.121021961441047	0.375708225142259	0.0609949686925235	0.118374028819909	0.0269999261687988	0.166135891404611	0.0245133034122674	0.00540106720666603
"Xaf2bc83e78148af5d2a4ac4796d4f654"	0.0646683906475227	0.0409329470738295	0.105635333164109	0.0104137116945435	0.0471033640838228	0.370308026412421	0.0666422557471807	0.113768387157361	0.121673774284147	0.0588538097350642
"X2111fa69962467ac3774495b34549ca8"	0.0150497158506797	0.265573457433253	0.0630955439890999	0.16092046853408	0.118067794290656	0.0600519626479801	0.0254657358265705	0.146540761628558	0.0373598853371464	0.107874674461976
"X5c8076eeca70f8a7c44e2a1693e31936"	0.1049493232199	0.0158704197986504	0.0529813972562045	0.0548695801300681	0.0284886335470742	0.00849421497814334	0.0902559740924504	0.0869316660324247	0.394061172152869	0.163097618792216
"X6a727ed3fd694e28e7e3c8df3dea219b"	0.033028610445882	0.02546482067041	0.041663433001602	0.0737382429544653	0.0505998994659089	0.19451191866768	0.156350884488109	0.179934468127773	0.120384931791649	0.124322790386521
"X499855b171ee5626422214dedd2abe64"	0.0752302039983897	0.0125511376433391	0.0626082473475494	0.0542646665593796	0.0562248566996465	0.3401367675242	0.182719826067267	0.0850821253313081	0.0992217583309471	0.0319604104979742
"X82e18c17d30609fcaef903843d59d791"	0.0525367452747246	0.01567576577071	0.00949091335215752	0.0719799702827202	0.281347969411829	0.244877730369163	0.133462432398275	0.18949383505125	0.00113463808915746	1.31041694293609e-14
"X6304847204cc728b80efa8eb1290a69a"	0.0854341746494933	0.0206118882498927	0.0835915183744942	0.027911287459136	0.00342629500750257	0.174606363918576	0.103762813786251	0.0574418767099449	0.241847293944608	0.201366487900101
"X556c48640c368af6f43a861cf738e3c9"	0.139531315364361	0.0157927080597636	0.0872537762733626	0.0214500268119449	0.0245964345980878	0.297400817606449	0.119811272847916	0.0957517160143966	0.0993648007448717	0.0990471316788464
"X75cfd69ff98e0fa2a5db8989e77a57a9"	0.0808027378267035	0.140291323564883	0.0130423567149214	0.0884010069282427	0.163062322931884	0.0525559296359329	0.245462869452375	0.185722252123608	0.0277002563284304	0.00295894449301968
"Xdae1b2a0bb4d7a946c6090f4b63ff3cf"	0.145069924488695	0.157432788412678	0.0176898242682209	0.0812335825750268	0.0592890997133686	0.0478455244045998	0.170115034429548	0.052633059240888	0.0946023603280781	0.174088802138896
"Xbe6871919074c89a4a134d2772f8b338"	0.176331374507122	0.0744480836013565	0.0440349764210781	0.0117186683006347	0.166338615030416	0.0944901387344312	0.035644297832688	0.0810278109211024	0.0614466054228466	0.254519429228325
"X983637d5ccdddf029d4f1858eaef9527"	0.358348977910465	0.00586137497061093	0.0101909358549766	0.0159429173062557	0.0358158259258234	0.261909580867382	0.0461012487473206	0.115748166782964	0.0469025424168248	0.103178429217377
"X3d0e882f5ba9d8cd36fb62661a9f2a3e"	0.224474300050615	0.155221333391981	0.206064678688126	0.0301547321995301	0.0111142720650301	0.128417495968758	0.083725167035882	0.0069053480925165	0.108870717251279	0.0450519552562818
"X45b90f085077bf19a0687200420aad0a"	0.141870443003975	0.157900546219038	0.323284683964379	0.0405907729659016	0.0159432235500018	0.0322708499838608	0.103096900871243	0.0280350044025135	0.13303358766356	0.0239739873755267
"Xd5eae02dd41ea80edd57dd47b9c6fe61"	0.103467251641927	0.122770470105129	0.0170772727173438	0.15410187510741	0.0729184466924003	0.0953678376599229	0.12024581994768	0.171942570490426	0.0301285689415676	0.111979886696194
"X171f97d4eec5de4815cf607897a88f0c"	0.158311876345734	0.0401668821293351	0.0637298497870733	0.0483754422175312	0.0356395073391208	0.167309988989686	0.0796958948149141	0.0929071444820678	0.0973895803119653	0.216473833582572
"X1dba533b49b13d3dce87dcb185810486"	0.218890899293	0.0427551430513379	0.0592883078043055	0.0511009155383417	0.0735215562780262	0.157317330808498	0.172786093124171	0.170897679628008	0.041471076824322	0.0119709976499901
"Xffe3f3ffcd97736a82990cc6f81078d3"	0.147609291466014	0.00987704959081767	0.00322152880193549	0.0382863950791537	0.125223198953988	0.273377554150089	0.162692703433664	0.236804083138003	0.0013961193230553	0.00151207606328006
"Xabf7e93504cc2e54f324e7fd1e7c5ae3"	0.17352573679803	0.070285333250333	0.134313731000015	0.0462964732773211	0.0217503642267852	0.0862343104396099	0.0851039967148684	0.0481004163936558	0.132986580731783	0.201403057167599
"Xa0b271c0bf7021d54e2423c6cafdf7de"	0.128349959623001	0.00874250988021149	0.14812870996434	0.00812442946562369	0.0367126042228581	0.124535345441721	0.0141184054149318	0.0391210974547614	0.196491338339046	0.295675600193506
"Xe72293cda67b6d1dd148f3b67eaa122c"	0.0269274230088084	0.157629119543681	0.17734669180289	0.071926630781462	0.0259814914687682	0.0574027139541043	0.112725969127788	0.156368182801199	0.156451566157444	0.057240211353856
"X8052f165e6716be68da7dbcea1b38df3"	0.276253703705409	0.134554478011149	0.187760479636158	0.0446221072209753	0.0290942426302054	0.142734419772545	0.0881603027565725	0.0426438506561768	0.0535111140543471	0.000665301556462432
"Xf8b4c97e1b0ad388dbcc1389a8c917d1"	0.188092501558672	0.161733000662782	0.204464765134979	0.029094315222947	0.022516548054732	0.085097366486234	0.0892996624581215	0.0877699493309841	0.105308898964424	0.0266229921261244
"Xef9793fca0e9a13cc375c53500e2d988"	0.151728234417974	0.247492502112121	0.0638317189087959	1.46042271299605e-14	0.00069135579005376	0.00587301744761379	0.157688451902303	0.0240140456468765	0.313288007776114	0.0353926659981332
"X1fe6a3a7f298df27824af9fb32a1f415"	0.131835260544706	0.0107452244863585	0.0178981906139618	0.415465119950974	0.0439272777687542	0.162702619416082	0.0828412125157607	0.130764731473185	1.08539486662536e-14	0.0038203632302076
"X00892b2a96088ee5a09b881368c01fda"	0.242881714492146	0.0325605603258665	0.0757642481659042	0.0190972747017613	0.0346772565335494	0.205930512077897	0.14799454189859	0.136205654159091	0.0369633192855488	0.0679249183596462
"Xc75f6b721a01befb3490288c36184505"	0.131943510020367	0.148281190663648	0.153352870393321	0.0435045339250118	0.0362698861881881	0.00965593101161603	0.132956321960844	0.0352917929682051	0.195920904082304	0.112823058786496
"X4fa8e3d17fe0614389e39cf8cfcadbc7"	0.0450874703308641	0.0295951850602198	0.0805934859192813	0.0437774849873569	0.0678658275514662	0.383532840070823	0.0699623014776985	0.0714137640134073	0.112550340416187	0.0956213001726958
"X0ad83b437ca02c81ce96b41431f58eec"	0.0756904303151758	0.0680480446533587	0.169087113348626	0.0120355892152126	0.0253215870632739	0.00303086042863685	0.169887258087362	0.0985796825502424	0.293414388247553	0.0849050460905586
"Xc64192030a61c841728f4019d85f9c8d"	0.195471371855009	0.100993981478419	0.121539939947673	0.0107066942576413	0.0389975174088607	0.0253389937131399	0.0230071974826281	0.0692668128429181	0.176994237922761	0.237683253090949
"Xa9b94b18beed8e4ee8bf626c2f41e756"	0.00530387298332264	0.0517280481644159	0.00613179842037055	0.432848259851745	0.113801209527825	0.140997178554213	0.00341493447819432	0.242325588113768	0.00344910990612285	2.26537489273902e-14
"Xc9ec93cdf458fbc79be404feb57bb494"	0.248247353440762	0.0579263871050124	0.0306426993323534	0.0201783597080599	0.0583365018853994	0.320416877745165	0.0618802839156472	0.183679089721576	0.00838075109002527	0.0103116960559996
"Xce364e38e480eafe53540bf89440fe06"	0.0780691387562074	0.124875877525394	0.0203186369922811	0.0481074525097132	0.148446994292904	0.0408003085388235	0.231780773236296	0.280503137663451	0.00479143472381373	0.0223062457611172
