"ID"	"CE1"	"CE2"	"CE3"	"CE4"	"CE5"	"CE6"	"CE7"	"CE8"	"CE9"	"CE10"
"Pt_31_PROG2"	0.116166005286013	0.100081127478236	5.09270103396207e-14	0.181728751300321	0.0619345155400492	0.0766635401605817	0.0466469801451767	0.402452212086405	0.00516529497480248	0.00916157302836343
"Pt_31_PROG3"	0.142529889617258	0.0265112682105069	0.0168775164989823	0.139333758223316	0.0684754395405507	0.0985280876484588	0.16857494912826	0.325596511239138	0.00488105751807073	0.00869152237545894
"Pt_31_PROG4"	0.118273419109134	0.0111085623413544	0.00455894561683629	0.157488989131083	0.0984443153961546	0.0597282548107595	0.177369316630411	0.364331871161722	2.83368352308532e-14	0.00869632580251624
"Pt_24_RES"	0.229473716223	0.0248614165518207	0.146973384794978	0.0296096959502469	0.0326494657982035	0.0442273010563696	0.0315408906581456	0.0279116793911967	0.241073503770681	0.191678945805358
"Pt_26_PROG"	0.0857505034245877	0.0253148155479193	1.32209127481529e-14	0.0531419401833027	0.342325669788962	0.135386437917608	0.104037008340247	0.220035203744746	0.00576433407139406	0.0282440869812188
"Pt_49_PROG"	0.246227058707557	0.040857901025805	0.176649045767727	0.0593251899183273	0.0518018515537857	0.0972313132336814	0.00581596718719058	0.0405707624634509	0.166670727934184	0.114850182208292
"Pt_29_RES"	0.247296533869574	0.0937833987928292	0.105261892437648	0.0413448276568551	0.0548695210970223	0.141563003270357	0.0534634353627255	0.0755621709196869	0.0821096035557	0.104745613037602
"Pt_24_PROG"	0.171327175922481	0.230418953966765	0.0170559253731989	0.131624628118654	0.125752348701654	0.0675537356872817	0.0809670332826869	0.173233062243102	9.84333463442164e-15	0.00206713670416627
"Pt_22_RES"	0.074067103886691	0.0281315134702653	0.0128447251896321	0.0966432644026756	0.204437008660041	0.0480708777645092	0.0706447498438584	0.331916769379445	0.0230676212940145	0.110176366108867
"Pt_44_PROG1"	0.0387237891772218	2.19681623675724e-14	0.0324782502167115	0.0879638719838065	0.0413138271066067	0.253378404832027	0.196260964720175	0.274584282188604	0.0279314780623968	0.0473651317124287
"Pt_44_PROG2"	0.138752911600458	3.71313204283475e-10	0.0574307217380194	0.0437459573226057	0.0354440790401505	0.160192219806915	0.314242589539167	0.18171339873151	0.0597244617814583	0.00875366006840314
"Pt_10_PROG"	0.307861088601142	0.115607724961358	0.0257425982231713	0.0762450584273822	0.0549490948044107	0.0734805280171251	0.163293121255756	0.120935683537198	0.0134835471005114	0.0484015550719457
"Pt_55_PROG"	0.0526057304675363	0.0514972825029094	0.0124003697405214	0.0686544001294992	0.0846870818081789	0.0440326981016134	0.233990605774547	0.219290417515227	0.162216318521098	0.0706250954388698
"Pt_47_PROG"	0.0109593893301452	0.0646505816684027	0.00970970268073161	0.140948911146897	0.286912882804955	0.00098600246214614	1.11240428130985e-13	0.452675367251602	1.43305093446294e-13	0.0331571626548649
"Pt_31_PROG1"	0.0367745802816886	0.00458487053234819	0.0127354935266933	0.121325197322068	0.0463923861203953	0.0443546263956669	0.10797018654455	0.61651047217304	0.00259511487979235	0.00675707222375727
"Pt_9_PROG"	0.110525180366104	0.0658524199794165	0.0732062794910015	0.0653302326657512	0.0791908718903663	0.00596162920170224	0.145319545172988	0.0945088968720354	0.255934750254343	0.104170194106291
"Pt_21_PROG"	0.278231114773509	0.028862351257146	0.018839460895091	0.123694582750123	0.100935246758205	0.0809461612375238	0.186179258835476	0.130470862210327	0.023322017741739	0.0285189435408602
"Pt_25_PROG"	0.13771617051687	0.144054382914257	0.0833115305093566	0.114159522771385	0.100059287522174	0.142138834040937	0.115040745003158	0.143223693592474	0.0182186684568107	0.00207716467257877
"Pt_51_PROG"	0.0721702292541938	0.0178224488394371	0.106485079400851	0.0764328469956529	0.0533007568062819	0.0359119262076107	0.0798035445781618	0.0567444752145243	0.283334436218834	0.217994256484453
"Pt_23_RES"	0.0943616219231588	0.0128913211157336	0.0368869768701385	0.106515119550224	0.0529553065025559	0.0171249302407565	0.0132112914366461	0.0374854343408035	0.278293152380622	0.350274845639361
"Pt_30_PROG"	0.031447855173225	0.0865082243482462	0.00133048057037498	0.167488985687976	0.240261230437258	0.0469537658942386	0.129874010915689	0.277352826338998	0.00464116872786871	0.0141414519061252
"Pt_53_RES"	0.13915950641654	0.011948007096014	0.100445380996204	0.102615446012015	0.0640553903250278	0.0886995484387992	0.0932748888161681	0.0535774164355783	0.235777615890642	0.110446799573011
"Pt_50_PROG"	0.0776671463307446	0.0292899700388988	0.195390786954883	0.0422160156102898	0.0682893669871632	0.0729473116559501	0.0939184637976562	0.0686434166051639	0.27108516114666	0.0805523608725907
"Pt_53_PROG1"	0.0640038428620078	0.0493712209190945	0.0312062283428964	0.114695210286675	0.135461338892774	0.13184000915432	0.127010046369188	0.148080804026864	0.109679815202929	0.0886514839432514
"Pt_52_PROG2"	0.167331450345428	0.164897466385551	0.021411086480788	0.106252491815352	0.173870271237135	0.176590046075948	0.0632654374445037	0.118464785704688	0.0075542334606364	0.000362731049969728
"Pt_53_PROG2"	0.0754620597141192	0.0181024762575055	0.00981008704327058	0.176356094799937	0.172627593181447	0.183320579521073	0.172080050476741	0.187383379562146	0.00138377360388801	0.00347390583987346
"Pt_54_PROG2"	0.00239199811442264	0.0418672715229648	0.0143447891163376	0.16197850052041	0.181901993334686	0.147781932561201	0.0692902272041463	0.332366222494015	2.18841970779588e-14	0.0480770651317952
"Pt_45_RES"	0.0961228704245991	0.0838413420156753	0.284938072023088	0.0881734398298737	0.0271645040174404	0.0265346858422953	0.0198724601898343	0.0230947681789235	0.282677462112394	0.0675803953658769
"Pt_48_PROG2"	0.154458806071622	0.041125560198434	1.31813947014156e-14	0.0379656907251701	0.20432195736941	0.120139315115506	0.217065353864597	0.219860868138	0.00312890447395782	0.0019335440432909
"Pt_54_PROG1"	0.0540591470452408	0.0984857480610245	0.0510095313511008	0.0927340039998237	0.159055680174475	0.0899062607944158	0.120748671588896	0.248917564318223	0.0666248012068271	0.018458591459974
"Pt_52_PROG1"	0.11654741654935	0.0357254963720937	0.015691066036904	0.156425990697036	0.0970113398544629	0.106625861738292	0.0593523784563779	0.107659682169841	0.190154219662051	0.114806548463591
"Pt_46_PROG2"	0.0540719422440077	0.147220357679384	0.0240482323439389	0.173954301863738	0.110665615056803	0.0456032911416333	0.23256294156268	0.186753980020399	0.00082130364764117	0.0242980344397748
"Pt_54_PROG3"	0.0545421315213686	0.146920721767376	0.0664483513717678	0.073854128368954	0.136798831209851	0.0591154928560709	0.119953389580928	0.197300794336639	0.0985381957982684	0.0465279631887755
"Pt_48_PROG1"	0.201719170355674	0.0100250710485137	0.0631115568308458	0.0475439929564134	0.042829200693174	0.1997865683352	0.0296798499493622	0.0196413462788558	0.1184651787035	0.267198064848461
"Pt_46_PROG1"	0.0659084441431013	0.17304605436705	0.115128468135464	0.142539468589357	0.0681937031028872	0.289544618519538	1.78644038471731e-14	0.0374008117261047	0.0316190942685444	0.0766193371479361
