"ID"	"CE1"	"CE2"	"CE3"	"CE4"	"CE5"	"CE6"	"CE7"	"CE8"	"CE9"	"CE10"
"Patient102"	0.0589504139067161	0.0750484793824983	0.140179704380762	0.157488906767757	0.11036126376071	0.122757439990462	0.0765992428080175	0.196137798579764	0.0266196669650676	0.0358570834582464
"Patient105"	0.0480308398656026	0.0272585663905531	0.00392269626678666	0.199851632635849	0.110824890486218	0.0438656089867331	0.157770833677552	0.331866942183559	0.0279028949367177	0.0487050945704277
"Patient106"	0.136793333533393	0.0603467157631411	0.151831197396989	0.0673821170886788	0.0920992930640683	0.0619697363055632	0.091755996410276	0.105571615428456	0.16779799303102	0.0644520019784154
"Patient107"	0.091013148639412	0.0266976496915739	3.19121675287015e-08	0.206529473143279	0.0173485292184565	0.213830337519458	0.154303696670549	0.175715973562747	0.0560969383536466	0.0584642212887095
"Patient108"	0.0318968253025388	0.061098125148058	0.038271722602808	0.0998738626697426	0.056099450510249	0.148307279400138	0.154685808749645	0.256950225281575	0.0781000940521428	0.0747166062831035
"Patient112"	0.101128936439726	0.174203381549946	0.0161192370651481	0.0639175902023497	0.0605849908119542	0.128814979552814	0.0355024246675896	0.120577207372356	0.126155002755666	0.17299624958245
"Patient116"	0.079380825072728	0.149036135394568	0.0326763891297599	0.137211339421143	0.0963781840378682	0.199303627707098	0.100460454914029	0.148324886275184	0.0183360025925324	0.0388921554550895
"Patient125"	0.0888047502435055	0.00723297812045994	0.0305500941833432	0.0389097691630782	0.0103939873407737	0.0166852058993303	0.0180734038359904	0.0380157216665824	0.344821222619322	0.406512866927614
"Patient126"	0.171361774485453	0.0471385355423942	0.0576953040993971	0.0736164368971257	0.0503545711248615	0.0353292922600498	0.0611803305881011	0.110452378412898	0.235208249133434	0.157663127456285
"Patient127"	0.0433867636286672	0.165242302021474	0.0473180139349484	0.14488072662156	0.185229120817897	0.11539786584799	0.0242040238326101	0.208932334242045	0.0325512797238008	0.0328575693290082
"Patient130"	0.0309947488703181	0.0730965757671905	0.0891836063618723	0.151341151360248	0.168752669967309	0.0935326355777555	0.0458687614585605	0.142765671652399	0.131823783620068	0.0726403953642784
"Patient131"	0.163770714532648	0.0452040839388424	0.16363790038853	0.0932461427771253	0.0443630222002905	0.0877743759709691	0.124859972357242	0.114125442446451	0.107790387316952	0.0552279580709506
"Patient132"	0.0771103776835246	0.0548953913170997	0.115883543214814	0.0506093435836112	0.0568602322355662	0.166757451648337	0.00597095263981715	0.0241417909857274	0.135818890669886	0.311952026021618
"Patient133"	0.127816565323105	0.170686531115684	0.136335741720395	0.0561045427255362	0.0245941560137506	0.0325232992047708	0.123771897224042	0.0651139501485384	0.154627857135146	0.108425459389031
"Patient134"	0.143507143751278	0.204576077143134	0.0847608960889921	0.0291690746640957	0.0387045297228052	0.105950062306514	0.0432564366772082	0.0466487097909125	0.0885397974376989	0.214887272417361
"Patient135"	0.235872928189839	0.0766736542864008	0.0407029738372686	0.0534653109593737	0.0867404138415246	0.054026261136942	0.125028025857521	0.132899786115026	0.07928948528769	0.115301160488414
"Patient137"	0.153996925622844	0.053494107336448	0.106316298782312	0.0379003744829859	0.0386208404603253	0.0520029542061887	0.0142872685496516	0.036523174125783	0.250092282889268	0.256765773544194
"Patient140"	0.0580009044946889	0.185836849233188	0.030593464025992	0.119164186376012	0.0833322854595561	0.0822066086970968	0.140307347000339	0.267824397807935	0.0179695666174499	0.0147643902877414
"Patient141"	0.325706865365006	0.10802853812591	0.00320882056426757	0.158050412621777	0.0902808562097004	0.0560937729346696	0.0900485317125438	0.153160866378397	0.00120690170584373	0.0142144343818844
"Patient142"	0.18151845485241	0.0369479225756874	0.132541672295742	0.065470823698687	0.0561860766436254	0.0972709876185625	0.123157620593456	0.108628076570701	0.113607150126422	0.0846712150247072
"Patient143"	0.35060480205255	0.0616894294378527	0.00569969095924702	0.0297562574625886	5.88531125161959e-14	0.0893851306844489	0.283829594425423	0.0671681993739489	0.0917176680524751	0.0201492275514071
"Patient144"	0.178054270087746	0.0995484549092008	0.0569756942267924	0.0927964144421415	0.0885914564212693	0.130704672155484	0.15538736172416	0.14552395004499	0.02405838820439	0.0283593377838257
"Patient145"	0.19842453510356	0.0204826038751356	0.099147724821945	0.0432713557457472	0.0318575676006573	0.179303491348895	0.111538679844198	0.0899818960167758	0.134673114074255	0.0913190315688312
"Patient146"	0.159887985889215	0.088754563136557	0.0409021406526232	0.124539619703805	0.129013506794675	0.104844494732545	0.105638195376177	0.163494142601587	0.0275244475330789	0.0554009035797373
"Patient147"	0.0999734737051391	0.162925511576853	0.0575396576432328	0.131985728107005	0.10080695869078	0.141258700612815	0.040568394535928	0.238127283857913	0.0143395055217175	0.0124747857486167
"Patient148"	0.12158102294792	0.016283178398583	0.14029325048274	0.154488869516601	0.0543823002187874	0.142379788299923	0.0994878895672141	0.173732921914995	0.0435075528698023	0.0538632257834336
"Patient149"	0.185140069865288	0.10200004002334	0.163733540488366	0.0501367568613834	0.068884331530851	0.0738954467708688	0.0209560998183618	0.0138063063494985	0.133782636460882	0.18766477183116
"Patient14"	0.100736210504825	0.0701344639890218	0.145347209817194	0.123433061966148	0.027363466107942	0.131780369974344	0.0671465753492594	0.123898699060515	0.103165551169036	0.106994392061715
"Patient150"	0.141671442819378	0.0610683133892439	0.0587551139321461	0.167336143434406	0.0905540824412005	0.130041020591797	0.118480859389989	0.136637572541266	0.0459051369035608	0.0495503145570132
"Patient154"	0.109199337277957	0.0978929947785938	0.0224742028778668	0.0882206376001639	0.11336893009568	0.354517415501966	0.0452532662122462	0.100171249417699	8.79095340441296e-05	0.0688140567037838
"Patient155"	0.133692261631894	0.282878575327483	0.0628091916197708	0.0836906588579876	0.0948710321903929	0.0885048948387731	0.0643575032171443	0.105691978611089	0.0460793730890238	0.0374245306164416
"Patient156"	0.258783266126056	0.0647978734316118	0.137582310454024	0.0586197515993792	0.14497550218081	0.142470045834227	0.0580104458643503	0.103953737110858	0.0162554765853622	0.014551590813321
"Patient158"	0.110147725097358	0.06429170746208	0.053776105551336	0.0802247726930436	0.199189813904356	0.0518321987430576	0.0664675089248328	0.194477598203734	0.118728408865313	0.0608641605548896
"Patient165"	0.214218920592629	0.124781081755148	0.132219615271539	0.0738774672965642	0.0640408178322315	0.0479151179418159	0.100180277598105	0.105608154912391	0.0877521991431598	0.0494063476564172
"Patient166"	0.141208969162018	0.115875464935121	0.0200051434872909	0.0724679898983644	0.16900655477323	0.0482969734679565	0.16163576279583	0.261328739804721	0.00701044499964058	0.00316395667582759
"Patient167"	0.0666890508259843	0.073169740289942	0.102527511546423	0.106665103467798	0.177835637086091	0.0645483317629141	0.036960918097646	0.147975531519487	0.15074341976089	0.0728847556428248
"Patient168"	0.111475337724377	0.139310980723	0.0363893403358342	0.11061133726467	0.211702885378506	0.0443145495331502	0.112386276890894	0.20860878569391	0.0129142038155703	0.0122863026400906
"Patient169"	0.0652765669610209	0.13386116964904	0.0706080352642742	0.054626798998664	0.0895108783558201	0.115584558792591	0.0456185351042864	0.0742642880291148	0.165229759540259	0.18541940930493
"Patient170"	0.173406917814501	0.282184490274819	0.0123093853890389	0.103032267744995	0.131292092735863	0.0702282235496507	0.0288961370591487	0.0726672996339264	0.0537315248856233	0.0722516609124337
"Patient172"	0.1186538270656	0.121655430715661	0.0503424756907153	0.0455010987017411	0.0492819150582233	0.204275320354949	0.0374635232274788	0.0423534624768716	0.106794894791325	0.223678051917435
"Patient173"	0.094180381801389	0.10072144944684	0.133858461033984	0.104161904492147	0.136574205487172	0.0640468202526232	0.123163743851163	0.174101910818103	0.0320473039834002	0.0371438188331788
"Patient179"	0.0163429674412082	0.0383645393451333	0.0728140146807709	0.11814534600768	0.108204067762239	0.124053658003084	0.0738247092799885	0.322872901899072	0.00498763925246474	0.120390156328359
"Patient181"	0.12499860522598	0.116589393937065	0.0653887992689091	0.0513264635791513	0.0869162617643796	0.155891870169084	0.0396710338673157	0.0934041535106721	0.110916057528503	0.154897361148941
"Patient183"	0.0900698700378396	0.131201054566685	0.0374167538909466	0.0397680232419206	0.0187947284235916	0.18522061089406	0.0435993905046082	0.119212892633494	0.145226519580525	0.189490156226329
"Patient184"	0.12510882110048	0.0771477956237474	0.0659011033580186	0.367191980121762	0.0997464233171912	0.0720362113077403	0.0331823880863595	0.0706795936722862	0.0536682977764519	0.0353373856359636
"Patient185"	0.113713166476285	0.160753964030761	0.0254868306290637	0.117175058535363	0.0724261794586514	0.165205615674196	0.0547806762546887	0.1247779405564	0.0740318952271017	0.0916486731574882
"Patient188"	0.119431087535366	0.0881415567414857	0.00290610033090345	0.131232016282409	0.233150624592722	0.14185448249179	0.0477203712589779	0.222383716325803	0.00977943927683207	0.00340060516371116
"Patient18"	0.0976586057746768	0.0998669275967816	0.0149144039538958	0.117780652592246	0.173799099927674	0.0371161951676133	0.12433222967255	0.259640686040941	0.0594139974591683	0.0154772018144536
"Patient23"	0.192600090619023	0.0973682752701751	0.00641969101419775	0.174972819704216	0.174284085714964	0.039608643975628	0.0754194741418743	0.216676002764665	0.0135426098253829	0.00910830696987276
"Patient36"	0.0162691377580564	0.0842917952058681	0.0625766151748766	0.184758728764938	0.116931757880794	0.320206948216426	0.0524678384237658	0.148996616472267	1.79320744651381e-14	0.0135005621029891
"Patient37"	0.271451080689579	0.0360072092734119	0.0586352674820843	0.0363753827293875	0.0369936659814486	0.133184354031664	0.0166262488408306	0.0156267999952064	0.116416829646998	0.278683161329391
"Patient40"	0.104059486074792	0.116080562482791	0.013823537215529	0.227879346131732	0.119946628894035	0.0851317912218318	0.0774149453511301	0.200932104488843	0.0160640000863306	0.0386675980529854
"Patient47"	0.0519455675747725	0.026099736515062	0.00883125439086077	0.153308343969658	0.136376996974548	0.135731199091622	0.130766949575524	0.344184351457093	0.00242329846603102	0.0103323019848284
"Patient48"	0.012584978255615	0.049118392010203	0.0268779567323021	0.344682415472144	0.22484920581464	0.106705801537811	0.0339670119972939	0.174598173127344	0.00768206582231157	0.0189339992303352
"Patient51"	0.254188789298996	0.107680321957006	0.10848254764905	0.00823657507478205	0.0362805620556712	0.146450147870597	0.0323429902082429	0.0563795361184034	0.142445332003898	0.107513197763353
"Patient67"	0.0766829600994987	0.0765015347137463	4.38524446072913e-09	0.132176108976368	0.124068748046624	0.142308746670289	0.0770556855290383	0.33019622764707	0.0239792092734797	0.0170307746586421
"Patient75"	0.0878394408908467	0.0519450899444825	0.0743681267496965	0.0792225662825757	0.056345133082072	0.028282873425126	0.0559094701395082	0.101492465039406	0.26999217019607	0.194602664250216
"Patient77"	0.142971954575216	0.031021800659069	0.149022113666074	0.0448014453016773	0.0324399929109338	0.082403602219246	0.117756722833782	0.0646677678853645	0.245977943331938	0.0889366566166993
"Patient78"	0.258554989044908	0.0853378015791048	0.142375432796915	0.0452281877929431	0.103067050643678	0.0783314156004134	0.0253780268075232	0.0413445876463265	0.114177421491789	0.106205086596399
"Patient79"	0.132973952140658	0.0283159205076419	0.136521417712335	0.0849641017386734	0.101893136216333	0.15926706295092	0.0343857345668504	0.0859277526588829	0.156104637180577	0.079646284327129
"Patient8"	0.149623420873611	0.0426072585815317	0.0332472757193739	0.0804657832393122	0.189134555697332	0.148333080928934	0.10706358688055	0.194023427299723	0.0306255576816481	0.0248760530979849
"Patient96"	0.0201836821114882	0.0636098922880727	0.0721162851266272	0.303975154692857	0.146902977831846	0.136046021728416	0.00973156331693776	0.22635774678042	0.0001418170419852	0.0209348590813506
"Patient98"	0.0596312879583986	0.0476273559882999	0.0952172112287593	0.0796265188536625	0.0500026477688735	0.117740046138749	0.0558065969770922	0.108610299734955	0.200830587862405	0.184907447488806
"Patient99"	0.178062042092458	0.0513186470687684	0.237331280894267	0.084771291793638	0.0655163064353908	0.0619306942227893	0.0418601345657335	0.041518459051638	0.140084986445815	0.0976061574295023
"Patient9"	0.239495254586028	0.0927051059563455	0.00230732602010788	0.035828141981899	0.0642473976567048	0.339790289783877	0.078267116541606	0.0955687958603687	8.29701947897685e-13	0.0517905716122338
"Patient191"	0.15641393611391	0.119526923479165	0.198839693814839	0.060624539298574	0.0259289671705128	0.0293228266015847	0.0543323534037584	0.0506243409207876	0.198328569228128	0.106057849968739
"Patient189"	0.158745813723215	0.200269832431479	0.0339757233397139	0.0433500804089337	0.104691499557939	0.250733747546921	0.00171896605479808	0.0448521106909443	0.0555963427237679	0.106065883522288
"Patient200"	0.0460362053105844	0.0329036874128422	0.0478039435576879	0.110429442925447	0.29820136626954	0.129055666112649	0.0178110698866922	0.140210447132613	0.109988881379263	0.0675592900126808
"Patient201"	0.231624718590059	0.0363548157723491	0.00332979165901118	0.0806898865887872	0.180806363365438	0.201832115559624	0.0649704688445604	0.193584121796078	0.00256588472423591	0.00424183309985684
"Patient193"	0.0746360813367451	0.155065942031525	0.0437271457633139	0.10313366205549	0.0815977826020546	0.0945649560887785	0.0177087508060782	0.143588782541086	0.132224509123571	0.153752387651357
"Patient196"	0.019451484118826	0.0858586844481984	0.0702549498813092	0.150592949333968	0.207218430411508	0.0846530433768213	0.119661585830385	0.243592373972956	0.0121443138154371	0.00657218481059134
"Patient197"	0.0598830181476683	0.104442732668597	0.0727882153480163	0.134765309007676	0.193759182844082	0.103135529959235	0.056775311455888	0.237246066148484	0.00912473780175085	0.0280798966186035
"Patient204"	0.0672233213937518	0.254629279804386	0.0610221309964551	0.138078727054789	0.11172594319391	0.0619649393194296	0.0361229294213379	0.11917177199394	0.0892270838377359	0.0608338729842641
"Patient205"	0.270350213714253	0.115362236915601	0.182220216837276	0.0936768272307697	0.0586612236366277	0.0456594443808093	0.0320788489516897	0.0918086825253967	0.100005551220986	0.0101767545865905
