"ID"	"CE1"	"CE2"	"CE3"	"CE4"	"CE5"	"CE6"	"CE7"	"CE8"	"CE9"	"CE10"
"TCGA.WB.A81T.01A"	0.14746293113572	0.0592996994831839	0.059534660747252	0.077163458916515	0.0892297618490048	0.0722421804256521	0.107724416193496	0.106526551728847	0.127060768521895	0.153755570998433
"TCGA.WB.A81G.01A"	0.162475151881982	0.0463295970072865	0.0257632793089427	0.0780523541202277	0.126145108465308	0.253421418413728	0.107139526308816	0.077858560431239	0.0663837747666946	0.0564312292957751
"TCGA.WB.A815.01A"	0.211986541281172	0.0428605432588155	0.0442695250666896	0.102689113318467	0.11930437805918	0.20777749736577	0.0753343133375768	0.0928478769122539	0.0616509151214588	0.041279296278616
"TCGA.RW.A688.01A"	0.0311263335662472	0.0808155950277841	7.12356744948682e-05	0.108170112874463	0.204422278375795	0.0663205782788305	0.228376632301003	0.259504932010631	0.0123149985661545	0.00887730332459727
"TCGA.SP.A6QF.01A"	0.0559545368254187	0.116879394002181	0.0822598869025545	0.063947504896049	0.101199660490913	0.0263904135421802	1.3574616322232e-14	0.0219255019023753	0.33686933166977	0.194573769768545
"TCGA.RW.A684.01A"	0.0720340195525789	0.154557515235499	0.0714917153834453	0.159310385728148	0.225343830630298	0.119562234225763	0.0057077343834129	0.115876006473023	0.0598666196424377	0.0162499387453938
"TCGA.WB.A818.01A"	0.170869725330421	0.0377681091022909	0.0453008407921275	0.0614397183218912	0.110633401767045	0.0780036663556705	0.161324325955888	0.11938780233388	0.122329635571595	0.0929427744691913
"TCGA.RW.A67X.01A"	0.210741570153153	0.05195903062068	0.113669167118602	0.0337326738112078	0.0350592362909218	0.124034149245435	0.00702876648467999	0.0112886962159765	0.113441186430473	0.29904552362887
"TCGA.S7.A7WU.01A"	0.0991747916716313	0.0623389487355169	0.0423464273599962	0.0678839026598479	0.166849565206896	0.219062541414008	0.0741885949600563	0.213829627968708	0.0112580670447934	0.0430675329785459
"TCGA.WB.A81I.01A"	0.138720076356206	0.0656977270428816	0.0225227214016834	0.197554469389903	0.150158211788358	0.0971060619250527	0.0805144798819794	0.179487374930105	0.0186206874205729	0.049618189863258
"TCGA.P8.A5KD.11A"	0.136612384868638	0.138423881874667	0.155958027831121	0.1446900107558	0.0445537898158073	0.208429197771517	0.0251016318077608	0.051484011924031	0.0366418707689032	0.0581051925817543
"TCGA.QR.A70T.01A"	0.0084029759788034	0.0770518858259688	0.00211906355063119	0.0947456878373159	0.289374993511761	0.233344023186957	0.000138483733448579	0.272135626679993	0.00924803979081723	0.0134392199043039
"TCGA.W2.A7HC.01A"	0.0627093305339162	0.0836731841416972	0.169704209095335	0.0510485362729976	0.0760859261064775	0.037750872549051	0.0624372150637666	0.0725583366893386	0.181494640171456	0.202537749375964
"TCGA.SQ.A6I4.11A"	0.16130768591112	0.160904105063668	0.139622644704822	0.11327127621622	0.0249160407750484	0.168205365662865	0.103638498585203	0.0443736500610588	0.0482414162745291	0.0355193167454662
"TCGA.QR.A70M.01A"	0.074882587504644	0.0751981202814353	0.060668791559988	0.181228413502338	0.234957855615802	0.0283043537680377	0.0389381720670883	0.159189489664606	0.102197412222137	0.0444348038139239
"TCGA.P8.A6RX.01A"	0.21927415771435	0.0833753932561796	0.114827343792835	0.0654778926587802	0.0837587214684253	0.118281188183691	0.0639359301738462	0.0631125761861741	0.0931534819086483	0.0948033146570709
"TCGA.TT.A6YN.01A"	0.072463869362825	0.0356374678030841	0.130472988806767	0.0522577183006359	0.112773356130979	0.0772296253492426	0.249827957218174	0.204977815755746	0.0489772960184319	0.0153819052541154
"TCGA.QR.A6GX.01A"	0.265367406357101	0.0615666428511736	4.02647064780754e-14	0.137139966550962	0.0975738879894335	0.123486028942316	0.0737031782800221	0.202914752291526	0.0359985776065414	0.00224955913088374
"TCGA.QR.A703.01A"	0.217391924431077	0.0530404661984791	0.0973705455391343	0.099008898291251	0.130684292555227	0.116970945420689	0.0367593163643998	0.120226248880182	0.0840971925634516	0.0444501697561096
"TCGA.PR.A5PG.01A"	0.119697579106436	0.0213698054127012	0.00899220123628019	0.0511591961118497	0.156367609426273	0.0598559620901273	0.284374073313447	0.196611702887403	0.0818990412908153	0.0196728291246682
"TCGA.RW.A67Y.01A"	0.058502060844562	0.0390329733565922	0.00180483528353511	0.0588222011315997	0.199298124727432	0.048397290859605	0.230335135018889	0.344976940726419	0.00466270002237886	0.0141677380289872
"TCGA.W2.A7HE.01A"	0.0809082966614419	0.0807236050678032	0.0889437321369013	0.0917308925243277	0.0509943727603728	0.116993133822627	0.0341206403704966	0.0658523682990934	0.23526637253391	0.154466585823026
"TCGA.WB.A80N.01A"	0.141799612662699	0.0685670965171601	0.100877183418428	0.0504818764512949	0.0845243385389093	0.105509129863024	0.0885877053601504	0.0998413675791675	0.116277581141424	0.143534108467742
"TCGA.SR.A6MX.05A"	0.0395728402511414	0.0751256512226925	0.0660921025406693	0.335127829417595	0.148630863369095	0.13822259799613	1.97028458249633e-14	0.0523071054128816	0.0694368683053672	0.0754841414844083
"TCGA.WB.A816.01A"	0.107981835437137	0.105906043270542	0.0489458151612072	0.164894629896236	0.0415828557809644	0.256092749510999	0.0194788955548901	0.0476600185995017	0.0978137600640717	0.10964339672445
"TCGA.W2.A7H5.01B"	0.037511514537928	0.112071693459817	0.00320564651961525	0.128920735763341	0.10500846918832	0.0548329589369964	0.136741963406333	0.316079733995259	0.0576270040710524	0.048000280121337
"TCGA.S7.A7WP.01A"	0.241742260540479	0.0735419329270029	0.098657461884298	0.0732557691613779	0.0864441324904574	0.0981597176151948	0.122929054840379	0.131843193219261	0.0524320171830978	0.020994460138453
"TCGA.S7.A7WM.01A"	0.14432991009178	0.133854536689381	0.157617075217867	0.0944656955452583	0.0801760841504831	0.083392450119653	0.00926802013928527	0.0527869576479223	0.0793541039915486	0.164755166406822
"TCGA.TT.A6YJ.01A"	0.0599788737599629	0.0373807954256887	0.00708729087655113	0.0490610157343016	0.252652248374613	0.0324881370366663	0.259542566180563	0.283070207918102	0.0113998028171162	0.00733906187643583
"TCGA.SR.A6MU.01A"	0.0600677362932429	0.188316136501901	0.0540285162766305	0.340764297082126	0.154378791797924	0.0733388769660997	0.0076514564447892	0.0724927255414825	0.0314342112892762	0.017527251806529
"TCGA.QR.A6H4.01A"	0.177157779772614	0.0756172776210023	0.0697457805482332	0.063072035296032	0.0928951153416114	0.123929791799103	0.0528475416886118	0.0889244662235205	0.185263374366475	0.0705468373427972
"TCGA.P8.A5KD.01A"	0.146005343298252	0.049709293172181	0.0836713662919702	0.0488048234912285	0.083023559590796	0.0192624814167575	0.124849963652689	0.112248759431257	0.174975045504803	0.157449364150066
"TCGA.S7.A7WN.01A"	0.139733681538951	0.146272463653024	0.226874364317459	0.056764689435488	0.0897830719325851	0.0477337385048348	0.0854845117014064	0.0438119405638484	0.130591915681293	0.0329496226711101
"TCGA.S7.A7X2.01A"	0.0650244239010537	0.0639223356010121	0.156839813446306	0.202303930585972	0.0576875193406709	0.0462246002981409	0.0504015776777542	0.0556514029340608	0.17501447209315	0.12692992412188
"TCGA.QR.A6GS.01A"	0.214123123421197	0.0469432971403324	0.0563566088584204	0.0472981675300072	0.0762682808756437	0.0858048645368904	0.0662639181342623	0.0721629756661335	0.200511238338753	0.13426752549836
"TCGA.SR.A6MX.06A"	0.0681973416038588	0.0701459405897145	0.00207964951126039	0.131675700817254	0.199904829986313	0.107302816338124	0.149736873517665	0.248045663392353	0.00993150963209657	0.0129796746113596
"TCGA.XG.A823.01A"	0.122735687948064	0.0371338822792417	0.0581334409829406	0.126913090406716	0.0375534649483672	0.170243934633717	1.34754754965601e-14	0.00779161898187993	0.236435903652683	0.203058976166378
"TCGA.WB.A80P.01A"	0.282250511959787	0.0759726203321779	0.035122692980095	0.0766198627065421	0.115077419493909	0.0721714158386787	0.154614523765828	0.146074528068471	0.0252796321605884	0.0168167926939229
"TCGA.QR.A70Q.01A"	0.0374972094722551	0.180577381085214	9.11121777884698e-14	0.201807008093059	0.278862644238422	0.130249635335067	7.61583230082956e-14	0.148238479534064	0.000466778834126352	0.0223008634076257
"TCGA.TT.A6YK.01A"	0.114396104751707	0.118149890211451	0.166729128389446	0.0698122928927985	0.0412895995473699	0.324617198314528	1.66110682872704e-14	0.112326537926486	0.0305414079869412	0.0221378399792559
"TCGA.RW.A685.01A"	0.0802668456920463	0.192346163126977	0.0111862537256968	0.0943609986704285	0.0894719313616282	0.0946438664566705	0.000370579393463163	0.0829923901139008	0.1345162781338	0.219844693325388
"TCGA.QR.A70A.01A"	0.0169593252340738	0.165948973876825	6.36321443090892e-14	0.179885318140863	0.277848027283435	0.121880516710765	5.31936093248968e-14	0.106950625046051	0.0468464937803827	0.0836807199274882
"TCGA.RW.A681.01A"	0.0127324174846137	0.0493423882256862	1.57788484484026e-14	0.0541859812739066	0.223302983119241	0.040582042154244	0.194073125523376	0.412618341973284	0.00146984338717519	0.0116928768584578
"TCGA.WB.A81S.01A"	0.185943491848443	0.0788025023308721	0.101304150707005	0.0787484728780068	0.0684862271168034	0.121650352547041	0.0544827498454143	0.142340961036232	0.0813330814034936	0.0869080102866898
"TCGA.QR.A6H5.01A"	0.18618950152402	0.0931722557490905	0.0504835116146099	0.0726962060976127	0.0664668618285029	0.249243046465825	0.0958878495272649	0.0572530698892604	0.0507397767337699	0.0778679205700437
"TCGA.QT.A5XK.01A"	0.162396057840819	0.0503432706398236	0.0808313361395617	0.0364184486252163	0.0626939751051958	0.059011467615379	0.077327245237292	0.0743444326993585	0.227265333850309	0.169368432247045
"TCGA.QR.A70K.01A"	0.072444640492016	0.0742820983420628	0.0182832620165621	0.20257783320819	0.124105082174442	0.0443086207315293	0.0979377360287283	0.348935190707834	0.0124012668986248	0.00472426940001093
"TCGA.QT.A5XM.01A"	0.129400570497169	0.0481709058062876	0.190499582259938	0.0630300772080281	0.0793705818273637	0.0985618381317026	0.0838259475022187	0.0590300715901955	0.149988168394174	0.0981222567829221
"TCGA.RW.A68C.01A"	0.241728704771066	0.0506161020200053	0.121569097973396	0.0430940524988421	0.0689124189800854	0.232041246510872	0.0345818373205353	0.0696662212576082	0.0793736902623431	0.0584166284052476
"TCGA.SR.A6MZ.01A"	0.110193233614585	0.0791386860017512	0.0950893354275155	0.0681765842913183	0.0508383870423155	0.0544403793966535	0.0253538061797112	0.0443841980318639	0.225138791960371	0.247246598053916
"TCGA.PR.A5PH.01A"	0.129674924750177	0.0787708879254564	0.0395365753047976	0.0530342651013609	0.12470625483842	0.227246884216784	0.174667639387231	0.137835717110795	0.0188400669539948	0.0156867844109837
"TCGA.WB.A81D.01A"	0.119608081806742	0.0129537143076958	0.101793802039103	0.0576327337655955	0.0789047922263699	0.105854257385775	0.125930690523908	0.126635242250801	0.138436830560003	0.132249855134008
"TCGA.QR.A707.01A"	0.0331180275578772	0.0188771013630804	0.00248470185440532	0.118699160222012	0.287181664114262	0.0424921991034368	0.188177763497571	0.284074842573753	0.0106662611429344	0.0142282785706684
"TCGA.QR.A7IP.01A"	0.0474014694602853	0.116168993318841	0.00192736894827284	0.136392521140056	0.140364998222628	0.0899267099267978	0.155704809953486	0.273959446853512	0.00632243554482452	0.0318312466312963
"TCGA.WB.A81K.01A"	0.150158856045057	0.11458186259434	0.0912907568428112	0.0869235725660679	0.0661172560162545	0.0462595360292163	0.0243357492742916	0.057545253791398	0.156666590623401	0.206120566217161
"TCGA.QR.A6H2.01A"	0.0544491581326262	0.0947903871026041	0.0220207847588045	0.0996223540022219	0.208985527510535	0.092176714406312	0.0732139980350165	0.174180672592836	0.128850017468746	0.0517103859902976
"TCGA.PR.A5PF.01A"	0.0935655344049312	0.11449898093166	0.0113687084404688	0.148001585610074	0.157280493034194	0.131617498056068	0.116796975605474	0.163443818025134	0.0476619193713349	0.0157644865206603
"TCGA.WB.A817.01A"	0.196328473820947	0.1092773977028	0.0644669599723572	0.084859547785406	0.0962200398435201	0.135458154025081	0.135710406201787	0.12302622902833	0.0133933109331551	0.041259480686616
"TCGA.SR.A6MQ.01A"	0.094691787678632	0.093251251351348	0.105108813620696	0.0535257218534213	0.126671397965802	0.0909746478463017	0.124766887271001	0.162948094407159	0.0771532379208532	0.0709081600847856
"TCGA.WB.A81R.01A"	0.0374720262258253	0.139376528487507	0.0123824709945374	0.0775314220680006	0.196842878123906	0.063474317835625	0.131123932296327	0.29282194819899	0.032439343172741	0.0165351325965397
"TCGA.QR.A70V.01A"	0.0179238770142969	0.0421868560800248	0.011690199808937	0.116318080703026	0.230721203376785	0.0177041678533622	0.159605125024965	0.376747052601674	0.0127369125217492	0.0143665250151806
"TCGA.SR.A6MS.01A"	0.0685793962754962	0.101791507397748	0.00879121295792585	0.19190428071352	0.201961980350842	0.0763289533518718	0.0642931458864201	0.141694773691039	0.0450775434211385	0.099577205953998
"TCGA.QR.A70P.01A"	0.0850789727005802	0.0948231562342611	2.71439716402805e-14	0.129575055700103	0.203960552054044	0.102890279429974	0.073179206045845	0.295102303857937	0.00612781237327537	0.00926266160395271
"TCGA.WB.A81Q.01A"	0.0802564370816514	0.0412089720426951	0.0122828757447255	0.0999468557489774	0.12959537519217	0.0445612536469168	0.195375845495858	0.237396955697806	0.0674774160997254	0.0918980132494753
"TCGA.W2.A7H7.01A"	0.0935043056155452	0.175344660750962	0.0562293075864147	0.0556481428247812	0.0937140490443746	0.16212064183567	0.0292967759283142	0.10438490608496	0.115342211623114	0.114414998705865
"TCGA.RW.A7D0.01A"	0.118280902368288	0.0513135149464692	0.114540890699353	0.0496652117187943	0.0914762299487256	0.0452500609248963	0.030648602141118	0.0595268320996596	0.219248340339558	0.220049414813138
"TCGA.QR.A6GT.01A"	0.280818091181455	0.076498195288097	0.210181630702143	0.0685611317251313	0.0366185933203323	0.0725053488375204	0.0292388951564447	0.00724388743557192	0.169945506725439	0.0483887196278651
"TCGA.W2.A7HA.01B"	0.242190266024499	0.0252241300831595	0.107490333122517	0.0478680805491715	0.0821449501015998	0.0886842326895257	0.147850717455503	0.0869877359835773	0.0965480570788779	0.0750114969115709
"TCGA.W2.A7HH.01A"	0.0690906200835658	0.0313462388196961	0.00226082279096377	0.0587386938353568	0.112784233357551	0.147833639925962	0.283430116035771	0.254571921551882	0.0191692047997554	0.0207745087994961
"TCGA.QR.A702.01A"	0.0232685094319972	0.11618253423683	0.0376779687883039	0.124642343925335	0.229469124237389	0.094426781034732	0.0268038942693483	0.298134968057209	0.013568034981795	0.0358258410370616
"TCGA.RW.A67V.01A"	0.0294728118734776	0.0782473020840917	0.00464781175959935	0.396541113099344	0.216118977825301	0.0737779155449181	1.51432502466202e-08	0.189301478521152	8.1039511641755e-14	0.0118925741487861
"TCGA.SP.A6QH.01A"	0.185450238343658	0.0656814557182847	0.0229814601288288	0.1170946153441	0.0199085946517172	0.378653144413271	0.0467620214629074	0.0844255743703113	0.0290094557159467	0.0500334398509745
"TCGA.QR.A708.01A"	0.0283549111959894	0.0971347202383726	0.0119630726653383	0.241327522011916	0.307205743691051	0.0318949844583398	1.59459328631098e-14	0.2436586059895	0.000296349973892052	0.0381640897755844
"TCGA.RX.A8JQ.01A"	0.172964066185274	0.0517665237242624	0.0296938214839281	0.0655815423197262	0.0977623770507049	0.114284969272632	0.182566073315983	0.131544802074331	0.0733448221001361	0.0804910024730234
"TCGA.QT.A5XP.01A"	0.109666786026897	0.115603227269414	0.0803397000765488	0.139697533980245	0.0836361961577014	0.118969991308121	0.0655830132733247	0.0652983369230368	0.109953885740586	0.111251329244125
"TCGA.RT.A6YA.01A"	0.0959117909461312	0.129571584423909	0.243744203660854	0.0955796909280722	0.0952674832655914	0.108624997164695	1.78061930588311e-14	0.0820350101440148	0.0764627922199306	0.0728024472467831
"TCGA.QR.A6GO.01A"	0.0867015183004902	0.108819897295055	0.156362930582262	0.06701730111577	0.0977828410396696	0.0946615982032967	0.0489892037889786	0.063062712464736	0.141820781750278	0.134781215459464
"TCGA.WB.A81F.01A"	0.242725084862797	0.0494225865723497	0.0900945458760877	0.0616277307112436	0.0838620499743848	0.0435172545047676	0.124614724823772	0.0866412131223471	0.130562580364103	0.0869322291881481
"TCGA.QR.A6GY.01A"	0.114399350739615	0.115976074850308	2.27137734495263e-14	0.142118599799334	0.171015396721216	0.0829808866335262	0.0959697254148905	0.25336647107004	0.00412865953036031	0.0200448352406871
"TCGA.QR.A700.01A"	0.159200701647004	0.105482589478989	0.0796562780947909	0.131065290516416	0.128677337234579	0.0736324033107762	0.0912281052652184	0.111965137471814	0.0500287241456654	0.0690634328347477
"TCGA.S7.A7WO.01A"	0.141439281701906	0.150756473436994	0.122544737654906	0.167213448660662	0.0366350062719859	0.205912495963255	0.0166293123297769	0.0366020353850052	0.0502091072767066	0.0720581013188023
"TCGA.WB.A81W.01A"	0.0569006240453691	0.059418879219184	0.019308932422443	0.0803969789861442	0.147081982182289	0.0222803827068896	0.203640199139506	0.26497540164381	0.093601775849277	0.0523948438050878
"TCGA.SP.A6QC.01A"	0.030085751550236	0.0289178773558088	0.120815614802521	0.0981119904023205	0.0496715173800245	0.0807304883116623	0.00346689481679797	0.0275363157407731	0.24261178676646	0.318051762873395
"TCGA.W2.A7UY.01A"	0.133233302911904	0.0807967931653821	0.256270237149617	0.0952874712692507	0.0469897357724528	0.0648701246249816	0.0215660187528328	0.0325789830740967	0.174980783405801	0.0934265498736804
"TCGA.QR.A706.01A"	0.141698228411673	0.069337177664784	0.0981298237503618	0.0885552932725803	0.0428595452942562	0.338879032701862	0.00307545102799258	0.0897711928501392	0.0326249518129377	0.0950693032134129
"TCGA.QR.A70O.01A"	7.96755992582104e-13	0.204397318404026	0.167015571576531	0.217607838480666	0.101992137851022	0.0721943371262734	2.9546395146113e-13	0.19106223387622	3.81618403056552e-13	0.0457305626837876
"TCGA.P7.A5NX.01A"	0.0577527345681355	0.104116309446491	0.0704896240493041	0.085474746218848	0.187178504151263	0.162816454283464	0.106770329347447	0.154587378720943	0.0401516320367717	0.0306622871773315
"TCGA.QR.A70H.01A"	0.0953381686249403	0.128435057068891	0.00403407269708514	0.11715548384701	0.256887040974062	0.0684530796603962	0.0258288794303022	0.231154569028926	0.0468747707814932	0.0258388778868939
"TCGA.RW.A68F.01A"	0.0938897803507974	0.0625153220852207	2.58941053849355e-14	0.033395632926718	0.323440523045853	0.041670177862864	0.0935696042643739	0.194609544902075	0.146100960827528	0.0108084537345441
"TCGA.QR.A70G.01B"	0.122527605516271	0.081773632041069	0.12670783539798	0.119618906972039	0.0694334253936083	0.0832944535275545	0.0384227951228753	0.0542132786704701	0.166188870112502	0.137819197245631
"TCGA.QR.A6H3.01A"	0.0823509001877773	0.0580404190884358	0.00651013540747453	0.139404613327677	0.243433283556444	0.265452166802041	0.0123299775738493	0.0409046354949395	0.0180629185628886	0.133510949998472
"TCGA.RM.A68W.01A"	0.107223663136838	0.0984247341778938	0.0882205688828186	0.0993921011572095	0.202822284400169	0.189608802761583	0.0418264793475488	0.0756560757752318	0.0486618438634523	0.0481634464972558
"TCGA.RW.A680.01A"	0.0394615044558864	0.208393580731639	4.4761043011543e-14	0.199588441063628	0.188778730452576	0.149783924720799	3.52645665277156e-14	0.0974699834491825	0.0880033383637204	0.0285204967624884
"TCGA.WB.A81H.01A"	0.147232647116725	0.0619120865407744	0.182431480982393	0.0642737570499999	0.0478761431302276	0.183200678256676	0.0455639819101635	0.045617573069811	0.101896710090795	0.119994941852435
"TCGA.QT.A7U0.01A"	0.10909571258162	0.0456039997784283	0.139535809081094	0.054447974212645	0.065619323100677	0.0904598944960811	0.136832493747491	0.132327821797559	0.135793793921956	0.0902831772824491
"TCGA.SP.A6QK.01A"	0.156291353841998	0.13903597091882	0.209555594504213	0.141160332424383	0.0435479716672323	0.216549321425097	0.00389596326988364	0.0204156525701453	0.0166358424067553	0.0529119969714734
"TCGA.WB.A80K.01A"	0.167852580235287	0.0811127929584443	0.0378091343251415	0.0694459546367209	0.0704300256744002	0.0958425113096432	0.107845050242234	0.0501077306145375	0.15676584503739	0.162788374966202
"TCGA.S7.A7WR.01A"	0.0590854125055891	0.0644735413694022	0.12386792591036	0.140423898593977	0.0924428097795367	0.0514390899387676	0.135641204489335	0.105358041772478	0.0813400899253916	0.145927985715163
"TCGA.QR.A70U.01A"	0.0243279656403361	0.07653777908721	0.045543501927525	0.12932370477424	0.254411113474135	0.0922624872703187	0.019192096328413	0.331125015321033	0.0212587288708511	0.00601760730593888
"TCGA.WB.A821.01A"	0.111296395710651	0.0562716404312208	0.0651769977508783	0.0396574306516005	0.111558761992491	0.221162782830734	0.176509955387596	0.183791946821321	0.018153370817224	0.0164207176062828
"TCGA.WB.A822.01A"	0.285788316870699	0.104418327937741	0.130298898832162	0.0435245596916839	0.0464481181978763	0.164624693081452	0.0274865101106939	0.00805538244415518	0.117675136884609	0.0716800559489274
"TCGA.WB.A81A.01A"	0.0701029596933563	0.0442689032875463	0.00353296079478874	0.105060147872525	0.207728137038009	0.107297849248338	0.204899018859498	0.238935457875473	0.00911906854390992	0.00905549678655395
"TCGA.S7.A7WT.01A"	0.0749086147099239	0.162304072920999	0.201175068572348	0.0684927787870128	0.0996473939647322	0.0848054540516248	0.0665474143377228	0.111260292450846	0.0874700366982584	0.0433888735065328
"TCGA.QT.A5XN.01A"	0.138080805629177	0.108431654867078	0.0988080604293149	0.0679644163430782	0.156419555789864	0.051130711699936	0.183542732819566	0.162034646107176	0.0138041490237538	0.0197832672910568
"TCGA.RM.A68T.01A"	0.261491433932053	0.061055705653693	0.0701992929539986	0.0415232462124365	0.101529814059775	0.111264739748468	0.0654872049777398	0.0608392974499795	0.138854543730872	0.0877547212809836
"TCGA.WB.A81M.01A"	0.03485395344938	0.0283746801211328	0.00282958467815398	0.077062882684269	0.143774628638589	0.0458760030912449	0.278814291086645	0.364912817173526	0.0188599401589231	0.00464121891813607
"TCGA.QR.A70W.01A"	0.0252698269696864	0.0774296986218942	0.00896660492461877	0.156279403037556	0.349956882417253	0.0116107083990704	7.98611452741603e-14	0.276891318631234	0.0807930862622056	0.0128024707364019
"TCGA.QR.A6GR.01A"	0.290671508209307	0.0749838502943599	0.0722652812149496	0.109955485728084	0.0573879369631	0.320905316594908	0.00333586606914897	0.0218295558223379	0.0178932961433732	0.0307719029604318
"TCGA.SR.A6MX.01A"	0.0870913299401984	0.0588827373331812	0.0192375377511445	0.0966957609463401	0.197968937968699	0.189169242319715	0.0961993842175998	0.213360763016909	0.0207639051258269	0.0206304013803862
"TCGA.QR.A70X.01A"	0.0676706440174292	0.146849066316512	0.101187005111154	0.100853849519593	0.0659647802752638	0.158314415779637	0.0046080607245049	0.0367263274782618	0.138636286538919	0.179189564238725
"TCGA.WB.A81V.01A"	0.099454583477432	0.0422323180251256	0.0345633559500967	0.17710571695363	0.111347277766213	0.212453193743348	0.0303135367773341	0.15642504499292	0.0957839215846951	0.0403210507292055
"TCGA.QT.A69Q.01A"	0.136362430019383	0.0300095986402185	0.0967767015690661	0.0389657206436541	0.0900799850798144	0.0930914211033344	0.130982719623531	0.121465575448635	0.0948841884969294	0.167381659375435
"TCGA.S7.A7WV.01A"	0.17906437724006	0.109693095356671	0.229954926990203	0.0623735454040403	0.0178276239568959	0.0758219855774846	0.00588520137781824	0.00216659015171837	0.136694888448397	0.180517765496711
"TCGA.SQ.A6I4.01A"	0.231862658565345	0.22918271721653	0.114947847173044	0.081412177589238	0.0729594647891366	0.0236649985933959	0.0345479082945783	0.0173844039036596	0.095065419027429	0.0989724048476433
"TCGA.WB.A81E.01A"	0.0874953219349533	0.0663050863892036	0.0541448397880696	0.0647810530942391	0.154191446991543	0.0568743989347796	0.171804695366629	0.192191798221334	0.081852084490467	0.070359274788782
"TCGA.WB.A80V.01A"	0.0465158451385345	0.0503838382244007	5.61391081730076e-14	0.132963460677627	0.323617223077949	0.0279663569150335	0.0194325642597031	0.289076535482449	0.0872190676078572	0.0228251086163895
"TCGA.W2.A7HB.01A"	0.05886481216922	0.0476154123256482	0.00831210012513665	0.0766635252156366	0.128232306890795	0.075683024321232	0.24726304554835	0.306759917951468	0.0215971010383248	0.0290087544141894
"TCGA.SR.A6MV.01A"	0.0394873660993176	0.124923049643247	0.0857799685056607	0.274165014325327	0.133288329581254	0.184239898800578	0.0185871465063124	0.0699956094495036	0.0246818643521115	0.0448517527366882
"TCGA.QR.A70I.01A"	0.207559417785015	0.0784288599559103	0.157533568673566	0.0400404903755411	0.0814623891361161	0.192369475374373	0.155655027261815	0.0441737713362726	0.0328298573542382	0.00994714274715293
"TCGA.QR.A7IN.01A"	0.091532202560815	0.11678454748014	0.00734454002004382	0.11577748778683	0.114302646937106	0.137915248503559	0.0626809342815568	0.308971461587611	0.0340073293175364	0.0106836015248006
"TCGA.QR.A6GZ.05A"	0.111169908978948	0.096795266743715	0.020292015622014	0.0495146953983204	0.194452068557339	0.142893491804015	0.0209621185507299	0.265311964718803	0.0489465566157081	0.0496619130104084
"TCGA.QR.A6GW.01A"	0.200398000548613	0.0691136668408769	0.121428287537191	0.0817629539814534	0.137063361979449	0.0898275643130278	0.0903746000396773	0.0980692556385785	0.0671297628686304	0.0448325462525027
"TCGA.SR.A6N0.01A"	0.161358278913879	0.084562862314551	0.168830605321763	0.0805353805389956	0.0892221752697573	0.1914792009449	0.0875850358592006	0.0464360579107761	0.0459899669177073	0.0440004360084706
"TCGA.S7.A7WQ.01A"	0.294496957189081	0.0594458840489215	0.105804858380213	0.0551838735228141	0.0499988132281717	0.0530784508515717	0.0293493940432897	0.047393201848013	0.193299562465637	0.111949004422287
"TCGA.RW.A68B.01A"	0.113695190940107	0.00742232946917661	0.00177330269168331	0.0524399639497562	0.11521508095469	0.0909572352625807	0.33152139987747	0.264811834282674	0.0170891095819163	0.0050745529899467
"TCGA.QR.A6ZZ.01A"	0.185889736123945	0.097282616009084	0.0538969421513875	0.0895872104248845	0.0881804809132986	0.185493881848056	0.0638237472349341	0.108352602177169	0.0525713098227492	0.0749214732944918
"TCGA.P8.A5KC.01A"	0.168847624282138	0.0611533114143272	0.0725777093246524	0.0593474260316079	0.0923200738097356	0.180296067695919	0.116068606105168	0.0439073580050635	0.114814003859179	0.0906678194722096
"TCGA.W2.A7HD.01A"	0.0914227062975906	0.0752672000598382	0.0437478435317464	0.0742511672499618	0.157237901240839	0.0662283594431753	0.150755891717338	0.222922902265431	0.074408916584335	0.0437571116097444
"TCGA.W2.A7HF.01A"	0.0377694630881529	0.0588157060377384	0.00318629220890715	0.145821619199208	0.116148251844832	0.100899366021473	0.0576346114152373	0.373935163132127	0.0372866809678614	0.0685028460844636
"TCGA.SQ.A6I6.01A"	0.0770243464514418	0.0381577769401503	0.0134309147640127	0.0730603623926761	0.160574568815945	0.062056916377034	0.244847452593601	0.296021578131368	0.024080555290669	0.0107455282431024
"TCGA.WB.A81N.01A"	0.150071772224301	0.0630367265407606	0.0819729566943235	0.0988052740438716	0.133960688487993	0.0750144189010265	0.0992414422195687	0.119222562301294	0.128789949732738	0.049884208854123
"TCGA.QT.A5XJ.01A"	0.0623075593884321	0.0923378294744607	0.0371747312270008	0.138029933794279	0.238426256166945	0.0163944273458108	0.101883544134499	0.24499835764538	0.0247551635848779	0.0436921972383145
"TCGA.RW.A68G.01A"	0.124980567369631	0.137129226607186	0.0147331643477466	0.244627445177562	0.197480562486432	0.214587169085039	4.35170169411813e-14	0.0202010260934538	1.51183414647066e-05	0.0462457204914422
"TCGA.WB.A80Q.01A"	0.0450718345607913	0.0697669606695777	0.00108065327537548	0.0700762366890207	0.348966971032289	0.143725162321152	2.05280751511762e-06	0.217826258927557	0.0284739139401441	0.0750099557765771
"TCGA.QR.A70R.01A"	0.0326962190253301	0.0807329896897987	0.0092870256995489	0.239100328558897	0.218425955638133	0.0868735529152774	0.000493812228018163	0.269684877771997	0.0236605650551884	0.0390446734178115
"TCGA.RT.A6YC.01A"	0.172953250643617	0.0760665910975716	0.153190638724089	0.0448745425627065	0.0501019124067561	0.0710706800603315	0.111522776044651	0.0649304187876853	0.153051862770963	0.102237326901628
"TCGA.WB.A80M.01A"	0.0372717618415988	0.0873873478859525	0.0529713992878358	0.0988946289878226	0.247842311277496	0.0806350357148665	0.125304820360656	0.244080785906752	0.0125078498429346	0.013104058894085
"TCGA.RW.A686.01A"	0.0474495463030332	0.123314562042984	0.0136857259426373	0.107122129391798	0.178186559448923	0.180283451790875	0.0603386576220249	0.231101236193385	0.0291229793056172	0.0293951519587226
"TCGA.WB.A80L.01A"	0.198834230689731	0.0714156141985238	0.0210601813914288	0.0802948639647235	0.123508070039208	0.116235965243378	0.181651649321109	0.187191047795536	0.0074429625365594	0.012365414819802
"TCGA.SP.A6QG.01A"	0.0410997413995668	0.0999122913676641	0.0051814905195905	0.149344184298197	0.140232370909472	0.136686353090594	0.139651652065112	0.231507946738248	0.029622879768361	0.0267610898431935
"TCGA.TT.A6YO.01A"	0.115022523798306	0.228441637582192	0.102680145852293	0.206768000983117	0.0705092527140426	0.186964077575072	0.0265493540326065	0.0294581256848259	0.0122537144416937	0.0213531673358509
"TCGA.SR.A6MY.01A"	0.178486087876986	0.120860871861335	0.119368082135673	0.0504743912703418	0.0743947495913131	0.0764218047968429	0.0563174570403632	0.0489287881039359	0.19973377200589	0.0750139953173198
"TCGA.WB.A80Y.01A"	0.065915831803691	0.0843980852948168	0.00720516371681929	0.0944085899151935	0.21835873647047	0.0647901881447781	0.148109434668026	0.21928337964671	0.0526171515993324	0.0449134387401623
"TCGA.QR.A70C.01A"	0.0937688935700976	0.121669584632495	0.0187653841120219	0.222602663250515	0.165920744029402	0.260384494582844	2.05663015739155e-14	0.0549650921086982	0.00952373397067493	0.0523994097432309
"TCGA.RW.A8AZ.01A"	0.164841152987053	0.198794527544866	0.192351456910809	0.138442721235173	0.0896549303735374	0.0805124331017096	3.75664057458457e-11	0.0648590619897972	0.0576243668515408	0.0129193489679486
"TCGA.QR.A70N.01A"	0.145025892271788	0.0863060986277379	0.0989659024879429	0.132216869741132	0.0886154358700889	0.0876997044353114	0.00650696277748188	0.159135098925434	0.131511463200099	0.0640165716629838
"TCGA.TT.A6YP.01A"	0.222699796222946	0.0363208306686515	0.086060088349558	0.0648489928112591	0.075449168587848	0.194409676776832	0.10438515846889	0.106449795314279	0.052211965601739	0.0571645271979961
"TCGA.QR.A705.01A"	0.0833980820555976	0.0170388352995428	0.0201618502653875	0.233357309288112	0.324758086783151	0.122194445087467	6.06282078349812e-14	0.138732486753758	0.0203041437906024	0.0400547606763207
"TCGA.WB.A820.01A"	0.148503221202882	0.0716736804308018	0.0692618592786653	0.128185745508214	0.0636783395217113	0.0594856887233072	0.0746275332310927	0.0614588371120984	0.16811183948576	0.155013255505467
"TCGA.RW.A689.01A"	0.138194187082635	0.0623478629367012	0.188049931848845	0.0751211809709013	0.101475338500289	0.148924123424257	0.0778447764130464	0.0809669114995046	0.10316050256753	0.0239151847562904
"TCGA.QT.A5XL.01A"	0.265422770637395	0.0433719793386206	0.154355618201627	0.0743797457954968	0.0580201945155804	0.130340485958703	0.0604655380833323	0.0460226490743341	0.0966315945805302	0.070989423814381
"TCGA.QR.A70J.01A"	0.17184976093086	0.082649589467771	0.120071620620878	0.048349992688472	0.0200821082128598	0.155287854659672	0.0221531968205696	0.0384686290629815	0.165952691241812	0.175134556294124
"TCGA.SP.A6QD.01A"	0.129813354566521	0.107890901021	0.107250691719037	0.146805303343948	0.0919569003967695	0.271511317081478	3.63973457392525e-14	0.0616124305326168	0.0621668388614208	0.0209922624771736
"TCGA.RW.A7CZ.01A"	0.0615871167107351	0.0592987564865958	1.81440889820382e-14	0.125357769042236	0.165483162773628	0.353870744219091	0.0542161599581894	0.164475664242078	0.00383889371931369	0.0118717328481144
"TCGA.P7.A5NY.05A"	0.182201291020022	0.0479355706319176	0.202915260179532	0.0387781438516567	0.0668234512606582	0.0765414722475477	0.0878013068158487	0.0417290974030425	0.145894504409527	0.109379902180247
"TCGA.S7.A7WW.01A"	0.214138466604184	0.0551567021369707	0.177914192259173	0.09206650524513	0.062910040208317	0.179366950106592	0.00593991573056901	0.0474869085409352	0.0941078626066567	0.0709124565614724
"TCGA.SP.A6QI.01A"	0.0552075752394862	0.0258208388367015	0.14268646806792	0.0771789637821829	0.145130647719373	0.0841868695818244	0.0789454545561477	0.197080045828324	0.126763621196079	0.066999515191962
"TCGA.SR.A6MR.01A"	0.0956846599555484	0.155399490508603	0.181614540632954	0.0579150323485443	0.069518876476186	0.247335469942992	0.0489861700728335	0.0210209697317569	0.0762636452646553	0.0462611450659262
"TCGA.QR.A6GU.01A"	0.28847358580578	0.0258694350880601	0.00746701520399782	0.0331485359531157	0.126428551465096	0.220646507418337	0.114666704154778	0.13503765771531	0.0444517943666488	0.00381021282887677
"TCGA.SA.A6C2.01A"	0.0875422333380596	0.0621298500797447	7.00959503125112e-13	0.103213305221557	0.188017912789627	0.123148572528138	0.243890261054137	0.154095192380263	0.0119821852000709	0.025980487407702
"TCGA.S7.A7X0.01A"	0.164008831578723	0.0483964759072028	0.15252185157402	0.0541548503014233	0.0533299123228828	0.247198984451839	0.0978910283388271	0.0877094894355696	0.0433767181600768	0.0514118579294361
"TCGA.WB.A81P.01A"	0.0751319874702335	0.0662718757186346	0.0651642059667384	0.0744098962970202	0.127064636685662	0.161320121471866	0.139977669405444	0.193272174495319	0.0399880360132337	0.0573993964758493
"TCGA.P8.A6RY.01A"	0.0504463298570277	0.121416264397566	9.45109255246974e-08	0.196996641756189	0.394988725062616	0.0893546748349976	4.53329691474479e-14	0.130100301857246	5.11689445588603e-14	0.0166969677233361
"TCGA.RW.A68A.01A"	0.104643131495071	0.071358868149684	0.00385552439371816	0.0812648065155001	0.208463115295068	0.0476872884084272	0.224707391453884	0.216079519768313	0.0238186970575404	0.0181216574627951
"TCGA.QR.A70E.01A"	0.00365118394299682	0.0861567447762985	0.000541673582511591	0.104630764637127	0.255854175957867	0.0551210291346854	0.115419601471482	0.330907814523118	0.0188901931532208	0.0288268188206916
"TCGA.WB.A81J.01A"	0.173989488537898	0.0517491906412643	0.0638624189139425	0.103244208777691	0.135873017908652	0.0641363786166735	0.132225421213202	0.245328829674819	0.0132381850853636	0.0163528606304937
"TCGA.S7.A7X1.01A"	0.204487550251927	0.072360758839814	0.145843196770221	0.0523914628829613	0.0889999404619415	0.179067624428827	0.049340953438625	0.0722997566957707	0.0812228061820555	0.0539859500478573
"TCGA.WB.A819.01A"	0.131055901057425	0.0373912979947866	0.0454609893896116	0.0426481720337113	0.0848461558757387	0.0444908415434917	0.104201991030505	0.0718784434575775	0.238453122130652	0.1995730854865
"TCGA.QR.A6H0.01A"	0.0964569701843326	0.0605733445284525	0.0142750059990277	0.0627453789239913	0.138714997472114	0.334636737590802	0.00314495827037938	0.0551709882560794	0.116600626467101	0.117680992307721
"TCGA.S7.A7WL.01A"	0.0816691473223003	0.0375075950890965	0.0697178293371758	0.0630480405304914	0.138333144275435	0.0444794899453166	0.0791185178604758	0.101302274138156	0.28484662435498	0.0999773371465724
"TCGA.P8.A5KC.11A"	0.152831530433443	0.17374185254984	0.235357279648048	0.129303019676663	0.0202546303282555	0.180522071987267	0.0217592416265156	0.0128675890488843	0.0534058109767886	0.0199569737242946
"TCGA.S7.A7WX.01A"	0.10494027854257	0.0668846088479923	0.147561894183245	0.0651155648079503	0.0532022550536175	0.0634625872324681	0.0493257601085671	0.0540697073113292	0.196011191743332	0.199426152168928
"TCGA.QR.A6H6.01A"	0.113172288009443	0.0969222193182987	0.001526316119366	0.0434707424593915	0.160995143286425	0.283203799217923	0.0686315983135051	0.134336659162073	0.0632352887772944	0.0345059453362794
"TCGA.P7.A5NY.01A"	0.143936179242948	0.0307982940478897	0.00622199466857145	0.0429035316176632	0.112727514057985	0.139123977671578	0.300857965726683	0.201431898560536	0.0176588033462774	0.00433984105986904
"TCGA.RW.A686.06A"	0.0769515815990452	0.0831265270829324	0.0175567588634408	0.103260552963457	0.202852047864133	0.224922127830486	0.00748036520916534	0.177222809001287	0.0706947252160518	0.035932504370001
"TCGA.SR.A6MT.01A"	0.105806760134016	0.0649770062047592	0.0719301370558804	0.067473879197711	0.215477886627861	0.0537361432311767	0.160022814034245	0.221351582981698	0.0261286340217587	0.0130951565108941
"TCGA.QR.A6H1.01A"	0.128943574984519	0.0763664524108004	0.0648354869948608	0.0829817150993678	0.125128471365625	0.0231373172867096	0.104018034093798	0.129511624918122	0.212094419233591	0.0529829036126057
"TCGA.SP.A6QJ.01A"	0.0512128828510411	0.0846144391430137	0.0515592561808559	0.101772300462634	0.159743184018053	0.0568359342970157	0.00306074566357623	0.101145719089207	0.255722456384995	0.134333081909609
"TCGA.QR.A70D.01A"	0.0992381985780386	0.0511526600941821	0.00600579274075706	0.0752347639787629	0.130315761025669	0.129921743494981	0.11110501343685	0.15119237257771	0.0545666384345919	0.191267055638458
"TCGA.RW.A68D.01A"	0.0966633486475255	0.0547008164696985	0.00283460308724018	0.0643094735972104	0.177726648460988	0.0915890663391648	0.246731126046589	0.199560000144921	0.0458776691456483	0.0200072480610139
"TCGA.QT.A5XO.01A"	0.128467443766712	0.0957327036604602	0.0533550192416769	0.0996029226829787	0.0819051740477586	0.141805966274925	0.180571807568119	0.146375569716448	0.0591471931194104	0.0130361999215112
"TCGA.WB.A80O.01A"	0.136725763062562	0.0428353446499146	0.142899315849629	0.055840002454057	0.0541004511333175	0.128125294729905	0.0643446935451955	0.0418487920716127	0.121777666064867	0.21150267643894
"TCGA.RT.A6Y9.01A"	0.0774545205416119	0.0969658706057054	0.15802032047831	0.082963054024581	0.169399465573501	0.0692455061452243	0.0573717491705071	0.148970684519715	0.0613962987276095	0.0782125302132342
"TCGA.SR.A6MP.01A"	0.17992974490733	0.0442318806698559	0.0713803942019535	0.0679279278678531	0.0921846187553607	0.186600618229777	0.118881449548972	0.0974163952731876	0.0577129929131894	0.0837339776325204
"TCGA.RW.A67W.01A"	0.0419530077904053	0.067537081399083	0.0883188138437916	0.12303109037829	0.213727013654278	0.0556663825521561	5.69688190577043e-14	0.0371440415912261	0.249866709487798	0.122755859302914
"TCGA.WB.A814.01A"	0.259862104690261	0.0578293656479229	0.108692571996918	0.0877117577803328	0.0694553564358323	0.163882957492407	0.0636348342396798	0.0854037062268588	0.0489538909900935	0.0545734544996925
