"ID"	"CE1"	"CE2"	"CE3"	"CE4"	"CE5"	"CE6"	"CE7"	"CE8"	"CE9"	"CE10"
"TCGA.ZD.A8I3.01A"	0.206134999168093	0.148392291325983	0.0266434463583631	0.0924849055653106	0.0875577512319667	0.0394057284179575	0.161462598504352	0.219192151056945	0.0142607167998595	0.00446541157116991
"TCGA.W5.AA2U.11A"	0.0085956356228102	0.0418063697685051	0.0973797344951569	0.366983397928645	0.0264265822603305	0.282599924282879	2.63684838616648e-14	0.108699511054731	0.0419784884924514	0.0255303560944637
"TCGA.W5.AA30.01A"	0.165373326985483	0.059256758161315	0.0717605970840815	0.0767127057292875	0.0729934443335977	0.132166663765481	0.0503677664892115	0.109281177678578	0.112555194299829	0.149532365473136
"TCGA.W5.AA38.01A"	0.0951827540917745	0.151224405734978	0.100640000679899	0.154051101768179	0.124393146758935	0.0308825339960171	0.167392875754525	0.0824001148611629	0.0789450556894287	0.0148880106651008
"TCGA.W5.AA30.11A"	0.0198397641576782	0.046138099534011	0.03339230932771	0.320086391328102	0.026052022966583	0.390984107629974	2.56574931446681e-14	0.073669946787775	0.0254261245737771	0.0644112336943648
"TCGA.YR.A95A.01A"	0.075105953824674	0.0751193258235738	0.0204938661614088	0.254066759329679	0.163137138693935	0.133474400366925	0.0520732830107697	0.164666200774274	0.0518669496393677	0.00999612237539294
"TCGA.W5.AA36.01A"	0.257394316980346	0.119376671251115	0.0416941955039997	0.125178883121574	0.105235328089998	0.0536064179794487	0.0996434060265019	0.159726822596266	0.0185881790998496	0.0195557793509004
"TCGA.W5.AA2U.01A"	0.178232693704312	0.0947906154644991	0.0566161824422888	0.0561442779218189	0.03978510592304	0.149556760469784	0.113555117593966	0.0851777676968788	0.128234292918116	0.0979071858652951
"TCGA.ZH.A8Y2.01A"	0.140499790098653	0.11525163725549	0.0892938893723006	0.0771176459056532	0.089520565162281	0.0910362465465065	0.174081117508641	0.14078794529091	0.050974082632011	0.0314370802275532
"TCGA.3X.AAVB.01A"	0.22104537082667	0.0895808003631267	0.131323477431163	0.120640411086765	0.135717192356514	0.0796326356680176	0.0666361646724321	0.0677078459152705	0.0525132178416158	0.0352028838384266
"TCGA.W5.AA2Q.01A"	0.139228173648242	0.104540924618667	0.00749171974830671	0.104506000852348	0.131451737573222	0.0952027735403005	0.182366800217345	0.219097739391318	0.0133832489796354	0.00273088143061489
"TCGA.W5.AA2Z.01A"	0.26345834666735	0.0727240747735252	0.0977782512110504	0.0472339478777323	0.0518546535274701	0.117534129964742	0.154696236887284	0.0713487363057309	0.108834242340148	0.0145373804449667
"TCGA.3X.AAVA.01A"	0.227223108510578	0.0667335255305008	0.0307071052978289	0.0507714355233491	0.0644514490611793	0.0849300824938604	0.117301562339361	0.0906539421624084	0.0521855411143116	0.215042247966623
"TCGA.W5.AA34.11A"	0.00827702256742224	0.0489977011206469	0.0716483593303301	0.363910570794514	0.11779580404411	0.189111717195108	2.74622347851338e-14	0.180361577384816	0.00860935536435049	0.0112878921986744
"TCGA.ZH.A8Y6.01A"	0.0863234293616008	0.0495045000016017	0.00264792207290168	0.111376408915494	0.178087940167115	0.17719620109884	0.173888033957948	0.209465229638671	0.00500047768624039	0.00650985709958714
"TCGA.ZH.A8Y1.01A"	0.265479070477258	0.116300713840459	0.141378786591445	0.0490660856180815	0.054962675147372	0.0809110853750532	0.143502449562559	0.116100448234685	0.0210201138902598	0.0112785712628272
"TCGA.ZU.A8S4.01A"	0.266749757914714	0.140712927630656	0.122030252919091	0.0160780296894374	0.0423234887965803	0.0399370689565046	0.072797091461874	0.0185120109489054	0.217339198955583	0.063520172726653
"TCGA.W5.AA2R.01A"	0.123864063726805	0.0137207276136799	0.0557434447519984	0.0752499953729339	0.0807080757092652	0.0723636440564597	0.0970076925835416	0.0823631367652093	0.193594799261587	0.205384420158521
"TCGA.W5.AA2H.01A"	0.0705329857697309	0.013334724123594	0.0193438024896581	0.0467016435104461	0.108231102291861	0.0908332058973487	0.00146586252104178	0.0593616312079611	0.184255905688239	0.40593913650012
"TCGA.W5.AA2R.11A"	0.0208439693887298	0.0930546724122782	0.0914349658488778	0.318763446919553	0.0358797818369884	0.313107732645757	3.06824091805881e-05	0.101969464206083	0.0189344471232951	0.00598083720925711
"TCGA.W5.AA2I.11A"	0.00996581123702591	0.0751707343977214	0.0103139903578484	0.386988123833336	0.112824132325593	0.194807449047799	2.85317883793651e-14	0.193413297993871	0.00667720334242594	0.0098392574643502
"TCGA.W5.AA39.01A"	0.00908599346900286	0.103261122866498	0.0323851175667937	0.213176079422029	0.207002222142886	0.064903540121073	0.0542771298006773	0.288548529866967	0.0202606137909697	0.00709965095310375
"TCGA.W5.AA2O.01A"	0.0246298081990269	0.133455861254083	0.0862620083504924	0.163111092962206	0.129700788800877	0.0473044533550781	0.144108051524317	0.198184697112025	0.05512772667167	0.0181155117702255
"TCGA.3X.AAVC.01A"	0.0787256640779205	0.167963922403211	0.0957184058185533	0.0833007527755157	0.114380831870879	0.0487490999466439	0.0852610399973801	0.0964918781977475	0.18624500682161	0.0431633980905391
"TCGA.3X.AAVE.01A"	0.162661643170245	0.0663462488344615	0.0846899593373543	0.0451181765013442	0.0360263777755852	0.0446316128870835	0.0923978476275311	0.0435212478840389	0.230987284557792	0.193619601424564
"TCGA.W5.AA2X.01A"	0.0289478887007675	0.205450475853952	0.0321467106900131	0.0592234207393596	0.168311715369313	0.025308438286393	0.182184747273689	0.290051644030057	0.00776385024967522	0.000611108806781255
"TCGA.ZH.A8Y5.01A"	0.18763148173925	0.107724458587606	0.00444386714888152	0.0868885852863847	0.130108002610169	0.0587375039786861	0.171114786784987	0.24471737681696	0.00789715734007956	0.000736779706995387
"TCGA.W5.AA33.01A"	0.114815155929119	0.0649061964861218	0.110423941882865	0.0787753275918199	0.0596494954549024	0.149836220058653	0.0687644759730128	0.0650199163935189	0.0663128789750198	0.221496391254967
"TCGA.ZH.A8Y8.01A"	0.138484359059783	0.10309692495688	0.148257414865295	0.0639359943085101	0.0772212417648624	0.109878419380831	0.0747119002155458	0.0393185460694072	0.0501377257126036	0.194957473666283
"TCGA.WD.A7RX.01A"	0.0870312300850702	0.0482784887619697	0.0519703107550211	0.0906647183303503	0.0473243104887104	0.10535098018606	0.0167858698672198	0.0674453562770577	0.183452824828867	0.301695910419673
"TCGA.W5.AA34.01A"	0.133892668629535	0.169659422793348	0.104708947586222	0.0346365403065187	0.0964747109247657	0.0302192798682186	0.152322762576231	0.133081826962077	0.112501718069061	0.0325021222840238
"TCGA.W6.AA0S.01A"	0.2571011513202	0.162609361484402	0.221158550514645	0.0509127140017969	0.0393319028653591	0.0488396537394533	0.0838944872767734	0.0276508992875583	0.0840186095529891	0.0244826699568223
"TCGA.4G.AAZO.01A"	0.0858549089238125	0.066978597849994	0.107936655203253	0.0634332275070068	0.0666219866976743	0.0266138055834327	0.213753518473364	0.173843134869514	0.175533453128052	0.0194307117638965
"TCGA.W5.AA31.01A"	0.185510038489004	0.116391787635367	0.112843938534484	0.0997833870162574	0.0931798116932091	0.0843031267646536	0.119382173569502	0.106078472176691	0.0456034601381131	0.0369238039827194
"TCGA.W5.AA2W.01A"	0.13043923709733	0.0738545896501409	0.0772281850681019	0.0872235026931269	0.134572448963141	0.0236765160225106	0.193695373429326	0.148969916760598	0.114871718372106	0.0154685119436181
"TCGA.W5.AA2Q.11A"	0.0549908278882005	0.0371452348656434	0.120553568039122	0.203807183341491	0.0408968281895397	0.261053665900199	1.76409357976972e-14	0.0730258982877648	0.136379875943122	0.0721469175448999
"TCGA.W5.AA31.11A"	0.0211088292614481	0.0787030971783293	0.0754070931391181	0.297761325156979	0.0983927722277086	0.290720900047482	2.24009789861468e-14	0.132326805267237	0.00518881820398376	0.000390359517691815
"TCGA.ZH.A8Y4.01A"	0.15491672415552	0.142903068447407	0.0546907729068177	0.136146729404553	0.111171276934422	0.0324907392956576	0.148430576146862	0.197014080353762	0.0171367760903379	0.00509925626466044
"TCGA.W5.AA2T.01A"	0.0761062983924259	0.0466923276357261	0.00803848520035858	0.0939464944822143	0.167851710319315	0.0350314791493107	0.146337241300338	0.409964613927195	0.00652564482851841	0.00950570476459842
"TCGA.W5.AA2X.11A"	0.0200916048658196	0.0502843722622417	0.0498080491982784	0.290478062670477	0.0450056937093212	0.414884652492899	2.33617258289329e-14	0.102558395077482	0.0115128864722621	0.0153762832511951
"TCGA.4G.AAZT.01A"	0.0308942915107169	0.0385018373420941	0.0358564080994572	0.160384352928559	0.127574935566872	0.276779834633979	0.0502686099019047	0.128692451683125	0.0755667994877201	0.0754804788455719
"TCGA.3X.AAV9.01A"	0.206287596012621	0.143084223073369	0.0732922438713157	0.0479784576613198	0.0794613438192176	0.139878342726477	0.0112564352609689	0.0205272219264399	0.100483516023496	0.177750619624776
"TCGA.ZU.A8S4.11A"	0.0167985934215553	0.0805911826610168	0.0440405695490946	0.346051778476776	0.0551451633626122	0.336630745907086	2.75324977301917e-14	0.0732210416132459	0.015761222114556	0.0317597028940293
"TCGA.W5.AA2I.01A"	0.02652436904773	0.0821663939684012	5.08616974729489e-14	0.144280353503644	0.296488006656719	0.0415816900553787	0.00568342320666836	0.353734597971822	0.0465824189568546	0.00295874663273146
"TCGA.W5.AA2G.01A"	0.208398047158945	0.0624714345580069	0.160518793604336	0.0988966277477784	0.0485289713754241	0.0665679258288942	0.134261161736877	0.0556157139253761	0.112069917778628	0.0526714062857334
