"ID"	"CE1"	"CE2"	"CE3"	"CE4"	"CE5"	"CE6"	"CE7"	"CE8"	"CE9"	"CE10"
"TCGA.AG.A025.01A"	0.0475272775709802	0.114694565020455	0.0304213892795441	0.160564400074811	0.262752593055272	0.051488849189737	0.0299388271641888	0.26730510959051	0.014786726640641	0.0205202624138604
"TCGA.EI.6884.01A"	0.17867277657992	0.0358000775685582	0.120941918705235	0.0417669928310391	0.0522926466082135	0.103457736029542	0.110896264108683	0.0617585833698871	0.0981069756194759	0.196306028579447
"TCGA.AG.3742.11A"	0.0633842848946523	0.0113048618287358	0.0595421898790199	0.0667248785477997	0.131674646487288	0.42645640543618	0.0338161640958425	0.04165014397193	0.0281129275397786	0.137333497318773
"TCGA.AG.3582.01A"	0.140446628103065	0.170955632644852	0.144377042614997	0.0730426492912363	0.080416560746996	0.0263466953386955	0.0994286504577993	0.0900372529427188	0.140206972790296	0.0347419150693448
"TCGA.DC.6154.01A"	0.125833664469309	0.0917634406887486	0.0400578711584318	0.23925809467926	0.0526069800078002	0.0634449719873795	0.165170616238224	0.203856707694921	0.0138561313618208	0.00415152171410475
"TCGA.AG.3611.01A"	0.0151807567944131	0.0452284955152372	0.0693888081450666	0.18696222758766	0.0699773607013399	0.0210232207944687	0.0706383320922983	0.360059710981268	0.054354904741867	0.107186182646381
"TCGA.DY.A1DD.01A"	0.0203494491486251	0.0365217188204179	1.87055033887742e-14	0.231231663502079	0.220170059291184	0.122309769453453	0.0258767552836288	0.315266185804411	0.0203685131785768	0.0079058855176058
"TCGA.AG.3609.01A"	0.182895953993626	0.136140711115577	0.131126938832742	0.142088728068001	0.125050176950647	0.0434983263302791	0.0375506140653435	0.0621195083776224	0.110667035924885	0.0288620063412771
"TCGA.AG.A01L.01A"	0.00565969306356092	0.165216457945152	3.42863984887983e-14	0.141844516514006	0.101932244902678	0.0161712593591619	0.131696972605262	0.359886028625598	0.0355545279840266	0.0420382990005193
"TCGA.AG.4022.01A"	0.186051171315436	0.0567059906220828	0.122981668487445	0.0702244308576424	0.0609495394896437	0.128736507736891	0.0839297433214292	0.0574530806778144	0.0967668522803943	0.136201015211221
"TCGA.AG.A01W.01A"	0.00482794812587467	0.14447206395449	0.0241833609949772	0.145564399190657	0.0693657716496071	0.0225885105161357	0.189110748657527	0.163947772620714	0.147857373587703	0.088082050702314
"TCGA.AG.A02N.01A"	0.0335191064730626	0.0999970178119823	0.0223472707756493	0.1241837179424	0.0401814174330004	0.0215153504711047	0.101312361938597	0.22758389274435	0.228112897556586	0.101246966853267
"TCGA.AH.6549.01A"	0.161090115674587	0.13464939271758	0.0810394068951875	0.0927313684482449	0.127411592070396	0.110090159527547	0.159364419995895	0.0898374077795846	0.036960325122521	0.00682581176845688
"TCGA.AH.6903.01A"	0.00383936052144224	0.0973522903199774	0.000234914192136368	0.070587495068289	0.161933772553802	0.0538041308440054	0.272633653198215	0.301118903605636	0.0119760542468583	0.0265194254496384
"TCGA.AG.3727.01A"	0.106577596625357	0.187046647376251	0.09063636161147	0.134171735851897	0.220025384625892	0.075776719856666	0.021403914597273	0.120545027293973	0.0316132008617235	0.0122034112994979
"TCGA.F5.6863.01A"	0.0889301006722158	0.0341467867421178	0.00311369932972144	0.119029616820524	0.160607796753145	0.19631243011234	0.183361911621144	0.21162071108737	0.000936479684438801	0.00194046717698194
"TCGA.AG.3887.01A"	0.0482865849394325	0.220617143885011	0.0528464827191465	0.107843196638121	0.137125726196515	0.0491602594728067	0.0764359000545794	0.111866928642686	0.13011943163962	0.0656983458120829
"TCGA.AG.A01J.01A"	0.00366654787953086	0.075548618038702	0.0104285767536832	0.326101469643762	0.249089696037648	0.0213989675191184	0.00335456759869793	0.249730570907097	0.0297777023199594	0.030903283301802
"TCGA.AF.5654.01A"	0.0180377928748989	0.27487894380303	0.0633061640099944	0.108636325973689	0.084558252789597	0.0202963906591377	0.162102836902435	0.197915230162004	0.029026994891328	0.0412410679338861
"TCGA.DY.A1DE.01A"	0.096200968073479	0.0834223738520437	0.0845065395978761	0.0613974621629449	0.120818609972601	0.0779502086151965	0.1580283009306	0.167860820496125	0.129324263562139	0.0204904527369947
"TCGA.AF.3913.01A"	0.216891492695188	0.134427411546376	0.118385357176772	0.103678188790303	0.128620193158597	0.0456933430849284	0.127984940351718	0.118671208579661	0.00438341341350484	0.00126445120295288
"TCGA.AG.A014.01A"	0.0191072008468623	0.284814795318139	0.0266601901101826	0.197940446783689	0.110322116838305	0.0056431960360461	0.0819033933917122	0.249489379872949	0.0163739545178774	0.0077453262842365
"TCGA.AG.4015.01A"	0.00237886320694812	0.123132832307092	0.0485923041693307	0.0290049162654037	0.347284504835552	0.0077472922358303	0.0602945459215027	0.260624307908631	0.075663713152796	0.0452767199969139
"TCGA.G5.6572.01A"	0.234522265249439	0.0265597270566716	0.00686930533725796	0.155065973668333	0.104023285598529	0.205412541372814	0.122298556464447	0.131961978995405	0.00288580000521909	0.0104005662518841
"TCGA.AG.A011.01A"	0.0448992707801593	0.0465229947075252	0.015538722869194	0.189279591401646	0.265813113207308	0.0225848160121263	0.0211108796008078	0.274753216387073	0.0108742856420123	0.108623109392148
"TCGA.EI.6511.01A"	0.165480686503104	0.044161830893298	0.131328286368745	0.0703597331927148	0.0385876956200946	0.00795830350938598	0.0312677564391041	0.0431407465907349	0.285553783238935	0.182161177643884
"TCGA.AG.4008.01A"	0.27256876894876	0.095647647797141	0.151378232761289	0.0708121412478162	0.0983555993908107	0.142277398922315	0.038346146812037	0.0481757030062957	0.0530079309477038	0.0294304301658314
"TCGA.AG.3731.01A"	0.196101120717274	0.0523449739729287	0.122779902227053	0.0447638373515908	0.064889054969298	0.120761180058236	0.0699316680867561	0.0392121177170559	0.122913147381201	0.166302997518607
"TCGA.AF.5654.11A"	0.0143492639734252	0.00935162702159918	0.000587124405219705	0.117778711177732	0.116084162165874	0.470189299586749	0.0558053898169205	0.091400555798019	0.0126908044869728	0.111763061567489
"TCGA.AH.6643.11A"	0.0412718306586259	0.0200980959252272	0.0172670085330897	0.0616443286747078	0.112101481381053	0.350578911930123	0.0155900375431042	0.0323865595638472	0.05046938126093	0.298592364529292
"TCGA.AG.A032.01A"	0.0022285010799996	0.157840942560335	0.00903960656262777	0.356478642250812	0.190830059661547	0.0134606957048352	0.000205721620551451	0.23762768412873	0.00849074335787469	0.0237974030726876
"TCGA.AH.6544.01A"	0.00688227158091025	0.388766255312874	4.7953281921912e-14	0.0389307564069142	0.0650442335851792	0.0578299080108966	0.148359264013488	0.193771424174748	0.0400366256367236	0.0603792612782183
"TCGA.AG.A020.01A"	1.83352126957204e-08	0.101101249028036	0.0312966585750562	0.101803913219449	0.174358585648519	0.0175539518326933	0.17337391137022	0.331752729605194	0.0682786582283532	0.0004803241572669
"TCGA.AG.A026.01A"	0.0266832059086102	0.115888704326585	1.12105571378291e-08	0.125799302069878	0.234446709983411	0.250514604099323	0.0521137640774489	0.192435721102385	0.00170104977778571	0.000416927444014748
"TCGA.DY.A1H8.01A"	0.0215357522836212	0.0608091184670243	0.0136400773674196	0.252475701151231	0.119776818642706	0.0351896391171811	0.0319192699746826	0.439043983042752	0.0223853681860426	0.00322427176734004
"TCGA.AG.3883.01A"	0.25299452398063	0.0850024916413311	0.230610359688285	0.103350404332019	0.0687604970682216	0.0891778610859977	0.00811646735381772	0.0138315334454404	0.112437477283213	0.035718384121045
"TCGA.EI.7004.01A"	0.273322756376671	0.0169047843102708	0.17534558599885	0.034028200554668	0.0531830846551555	0.214404341562512	0.0525100077209945	0.0262864016781695	0.0447747139578907	0.109240123184818
"TCGA.AF.6136.01A"	0.0859565780273369	0.0919443349110679	0.00326595362494856	0.0797409189608785	0.0762202362824317	0.107740846552672	0.210972502904971	0.186210949984384	0.0323150058125988	0.12563267293871
"TCGA.DC.4745.01A"	0.147426292620902	0.122615180108835	0.0389502192428903	0.0627194717811777	0.0609631839772945	0.150127200235582	0.20350765943057	0.137909542462574	0.0272107350082778	0.0485705151318969
"TCGA.EI.6883.01A"	0.0388522467295374	0.0485574814526137	0.000860013175978401	0.121522582713768	0.0935649768081171	0.0200822623463007	0.168587637144926	0.240131483243586	0.190487317140489	0.0773539992446826
"TCGA.EI.6917.01A"	0.197970942286527	0.0609931669386087	0.151765338284878	0.0409891125065334	0.0512569252046635	0.0125258849424906	0.0756238991049028	0.0851352642219037	0.206906304376643	0.116833162132849
"TCGA.AF.2692.11A"	0.0674703541228776	0.01926521805052	0.0597128049507514	0.0597194623971483	0.167425318939067	0.387392419499085	0.0176538503341688	0.0378054202581629	0.0205192232419771	0.163035928206242
"TCGA.F5.6861.01A"	0.124055411883139	0.172358313871514	0.00758320555984184	0.0631266493798996	0.0825611538014954	0.0503404691133325	0.258673805693671	0.188133538569678	0.0440270271953883	0.00914042493204019
"TCGA.EI.6508.01A"	0.088206272335005	0.0369858790574069	0.0104652692755881	0.111616501437734	0.114046670752925	0.076533126380492	0.223804126797697	0.255955223000831	0.0301270601133485	0.0522598708489729
"TCGA.F5.6465.01A"	0.257826729192633	0.0116101555796727	0.10846538972866	0.0295566488521426	0.0282829213247457	0.123162152395741	0.0585445258915739	0.0565139320566338	0.1355688095925	0.190468735385698
"TCGA.AF.6672.01A"	0.0200679836873337	0.131867550484265	0.00931255693135129	0.0821022397476997	0.12569288745178	0.0470784572769865	0.0996332768832069	0.308735615168937	0.0230134627692835	0.152495969599156
"TCGA.AG.3885.01A"	0.00950871665529935	0.132613503958438	0.0387114530139411	0.148148683192348	0.223216887718331	0.0304271460660589	0.0650718481112154	0.113300333947951	0.123002706311388	0.11599872102503
"TCGA.EI.6509.01A"	0.177310611730955	0.0808113967576954	0.00672191721021854	0.139728616675997	0.219455392646525	0.0102334701192016	0.0909649373116178	0.269967643938232	0.000618015268592566	0.00418799834096535
"TCGA.DC.5337.01A"	0.0483026598693846	0.2205401893693	0.0695038597636879	0.0891199040958257	0.0663752478387044	0.0324542993950272	0.10418773732474	0.0707621042885065	0.227950355341171	0.0708036427136529
"TCGA.AG.3893.01A"	0.22870167307309	0.0870316812250825	0.115066208864161	0.150488324235108	0.0873577746944054	0.0851003075982611	0.0291990966871435	0.138318174289749	0.0684052560772767	0.0103315032557231
"TCGA.AG.A02G.01A"	0.00313191732337438	0.115386172187107	0.0209307436028074	0.216007872952752	0.175445566074383	0.0443874262839305	0.100359157514776	0.246822780683999	0.0489620006470106	0.0285663627298604
"TCGA.AG.3901.01A"	0.218788874669813	0.0448218236242173	0.192640632248807	0.039023730402326	0.072038767919449	0.142555622901411	0.0233086233628774	0.0330275935916531	0.112430293540834	0.121364037738612
"TCGA.AG.3726.01A"	0.137772392296239	0.213725508716057	0.078368285378687	0.162854762443504	0.0756926261098601	0.0689760137055486	0.0398147822980707	0.174739712951431	0.0397820608946712	0.00827385520593143
"TCGA.AG.3896.01A"	0.14483610728361	0.0529745394489054	0.11762762570163	0.0749996163697835	0.102986567476049	0.138921028728375	0.0636770133359933	0.108866440851112	0.0867287318961677	0.108382328908375
"TCGA.DC.6160.01A"	0.087610509042385	0.102839971381949	0.053942154722119	0.0539866833796194	0.0294549895371739	0.0371721263338173	0.217310666257697	0.0820351658929056	0.171797748498613	0.16384998495372
"TCGA.AG.3581.01A"	0.0523030959535204	0.142492519824861	0.136249001215971	0.115873828813835	0.0860424170391888	0.0901096078178535	0.0369847034629754	0.0582304700292359	0.116256401614573	0.165457954227985
"TCGA.G5.6641.01A"	0.000994725048903581	0.123018472638244	0.00314004575063196	0.380490221773822	0.137383955656334	0.013272881608563	0.101139246424361	0.232841822207086	0.00413018200827484	0.00358844688377954
"TCGA.F5.6812.01A"	0.216573585465677	0.00873615488957199	0.0469635506023197	0.0723263230315171	0.034275427073725	0.31276865705013	0.00855858550766192	0.0493686083238593	0.10810799060342	0.142321117452118
"TCGA.AG.4001.01A"	0.305018582658766	0.0510659627680291	0.150582984273655	0.0564222495523154	0.085181752951797	0.0830945156769479	0.0418934319211689	0.0885557673372966	0.105494752291761	0.0326900005682635
"TCGA.AF.2687.01A"	0.16471860945021	0.0613820285777321	0.134151262515932	0.0721386612382335	0.10327146283769	0.163182816740511	0.0386822237573402	0.0661906846731188	0.10562650702419	0.0906557431850419
"TCGA.AH.6644.01A"	0.28400476175625	0.0447678742090132	0.116260753778089	0.0250850971399695	0.0685943409485248	0.136988968166194	0.111963614128896	0.0629753005241283	0.075623676423531	0.0737356129254039
"TCGA.AG.3586.01A"	0.0170037184842166	0.285447552281487	0.0416218493497095	0.143040288203117	0.196369010955515	0.0198734153185601	0.0435879055385058	0.0949610179733455	0.125692414725112	0.0324028271704313
"TCGA.AG.3909.01A"	0.0760180516087304	0.0700475753459304	0.0469042100306977	0.179337556871343	0.134639623872299	0.0416569804422606	0.0615010744104344	0.12700601060352	0.0657566632035311	0.197132253611253
"TCGA.AG.3878.01A"	0.221130075235105	0.0879289695322566	0.146720677956679	0.0691158467105803	0.04201178029097	0.0497281367429417	9.6749163552026e-15	0.0211537803527703	0.164672747250516	0.197537985928172
"TCGA.AG.3592.01A"	0.111924563776703	0.151056531605004	0.0598087294686052	0.0443706705725111	0.0937930967012181	0.0412590870774077	0.167622686128772	0.132085688600494	0.13052907296777	0.0675498731015165
"TCGA.F5.6814.01A"	0.112324107769665	0.0698438551344241	0.0515241685375974	0.130527218989078	0.0879395981901382	0.0278752965231128	0.139012328002425	0.128687399287094	0.219485018175787	0.0327810093906787
"TCGA.AG.3605.01A"	0.0241293680638033	0.138712507796647	0.174169342917026	0.0754181411722889	0.175694026000486	0.0336507484575816	0.072604061795924	0.187168445823438	0.0365385025712454	0.0819148554015596
"TCGA.EI.6513.01A"	0.0699514114851675	0.159510910451996	0.0291822375392046	0.137716719665778	0.169564250649519	0.00673390407100643	0.138339348336798	0.204293334894377	0.0754916014259661	0.00921628148018641
"TCGA.DC.6158.01A"	0.291965513940035	0.0505230860930409	0.127272725939623	0.0312573617009555	0.0389626931334014	0.0668301112865526	0.096753450394264	0.0380202506233948	0.166784921004641	0.0916298858840912
"TCGA.EI.6512.01A"	0.0766532706058981	0.195579874289154	0.117438553119423	0.133182673418741	0.0556904245088494	0.00730441380003192	0.161916356413986	0.102599996846584	0.116858218956507	0.0327762180408264
"TCGA.AG.3601.01A"	0.0656467054565583	0.13618153018474	0.0281054014213339	0.104960083479346	0.216550765392863	0.0369368653639472	0.154518351857723	0.201257252905772	0.0558430439376874	2.88042887435084e-14
"TCGA.CI.6622.01A"	0.0580674162287058	0.231290192880891	0.0239723835832691	0.146599366047054	0.0721911149479842	0.0381421756008021	0.269672596761265	0.138965989933347	0.00381162016567034	0.0172871438510106
"TCGA.BM.6198.01A"	0.101995906237808	0.154462349205832	0.173020082515563	0.0502351900337026	0.107215052575237	0.110462477698651	0.000284354931382755	0.0338618385859734	0.206612172730963	0.0618505754848874
"TCGA.AG.3881.01A"	0.157853593222241	0.0905513293521246	0.285127106465808	0.0542228734658016	0.136963124928263	0.148357706138982	8.46463740395559e-15	0.0163313767076149	0.0815635044048286	0.0290293853143296
"TCGA.DY.A1DC.01A"	0.254896494805253	0.132572808122276	0.0557934322164233	0.0978565100226776	0.0532325883660707	0.0282168324849258	0.177060128576624	0.136744158992188	0.0277509145376424	0.0358761318759188
"TCGA.AF.3400.11A"	0.0125745214515893	0.0398228340847716	1.77442477986427e-14	0.118857675812373	0.0999698071907341	0.391457458099838	0.0768890122842947	0.116709175452865	0.0345354410758685	0.109184074547648
"TCGA.AG.3612.01A"	0.193468478918857	0.0784373812669036	0.128723089910036	0.0672921197635396	0.0771033678960104	0.0618861344103077	0.0583000209512293	0.0587995134548676	0.139106643701624	0.136883249726625
"TCGA.AG.3600.01A"	0.0411488583295306	0.144154786409781	0.190472972925353	0.0285515366767645	0.121313267495299	0.0277933581449076	0.050294239875208	0.119255354459302	0.185761859697956	0.0912537659858987
"TCGA.AG.3599.01A"	0.027016497927835	0.123540122651519	0.0413957637189726	0.11532248817529	0.094901684553756	0.0120336702433753	0.0846374900263687	0.10602513889414	0.283558474764846	0.111568669043898
"TCGA.AG.3584.01A"	0.0912522888241175	0.0590892850898812	0.0875867590897159	0.160351745375516	0.0605983370995833	0.0825216007660681	0.0386056295146083	0.162406863530855	0.139569324971856	0.118018165737799
"TCGA.DC.6156.01A"	0.241902821559618	0.0253002029382087	0.106161794000863	0.0477718547751662	0.0769271389532636	0.105678491247434	0.0796671207784881	0.0770457972344285	0.121162170479212	0.118382608033317
"TCGA.DT.5265.01A"	0.250147175664233	0.108096806247492	0.163288387717739	0.1163808848012	0.0747481691999937	0.140000040287498	0.0382139285865305	0.0637337102719756	0.0339368582956419	0.0114540389276951
"TCGA.AG.3902.01A"	0.0529518621246114	0.0821640522704183	0.0947583577294366	0.0575427669016987	0.0546539859449455	0.0222473305135238	0.0375922196874607	0.0923351778545706	0.26981706829138	0.235937178681955
"TCGA.AG.A036.01A"	0.074288122477855	0.142670768660313	0.0233293056126339	0.113353561180771	0.165071649752034	0.0526224358312285	0.11402505126575	0.211330263634124	0.045756609055724	0.0575522325295667
"TCGA.AG.3593.01A"	0.0448493137294214	0.0620448692035839	0.132668157605703	0.12068898996243	0.0966620408722552	0.0417894145159745	0.0299451109610557	0.126346838977281	0.16650493921796	0.178500324954336
"TCGA.AG.A01Y.01A"	0.0907544924926749	0.0789570183978838	0.0782847244040518	0.101666662674915	0.0965141970572611	0.0153563094533827	0.0952406712029138	0.181963494200605	0.175783114316829	0.0854793157994831
"TCGA.AG.3580.01A"	0.0481723410357565	0.179501250206745	0.108781598843347	0.0571008904051708	0.0690176858412346	0.0237336251159177	0.0923040615915586	0.100688031042014	0.234726790953436	0.0859737249648195
"TCGA.AG.3742.01A"	0.223113168794071	0.142124228896926	0.03715208067466	0.0643620870007843	0.0813173765593336	0.0391030668920489	0.184297703696746	0.174228989531464	0.0364393138778123	0.017861984076154
"TCGA.AG.A002.01A"	0.0398732128497038	0.162952968222929	0.0265143066706363	0.127336604375438	0.153062339001049	0.0405316631062714	0.148330499375815	0.294110843042372	0.00236172948423905	0.0049258338715466
"TCGA.DC.6683.01A"	0.173179777460333	0.0424877037585734	0.0967612540097848	0.0950809885842219	0.0873465619838499	0.0405429553760473	0.237126310893521	0.166796252562102	0.0283889071007725	0.0322892882707951
"TCGA.AF.6655.01A"	0.292780102930081	0.115780436587937	0.133782989122784	0.0536446302628735	0.0196922069790909	0.11080656314518	0.108017170197427	0.095167935945227	0.055389901752428	0.0149380630769708
"TCGA.AG.A023.01A"	0.234442928283286	0.0586934092393058	0.0271707985105402	0.0977478162539149	0.0680020498733344	0.142362326326264	0.0101981983397571	0.0971627974669352	0.0379457435221202	0.226273932184542
"TCGA.AG.3728.01A"	0.124478512544389	0.0204760855166749	0.0577292055936845	0.0923641214588206	0.136919921612882	0.126065181387856	0.000159935682615391	0.0347294862675185	0.153553124193906	0.253524425741653
"TCGA.AF.3400.01A"	0.239141763214124	0.0812248184054615	0.314679492616366	0.029513039822749	0.0332342131892708	0.0940532568242121	0.00880155980549382	0.0123847882769607	0.136976471227579	0.0499905966177826
"TCGA.AF.2691.01A"	0.0808796264132543	0.0448479106158544	0.117753675417822	0.0941520384761132	0.0748002238353107	0.176022732180181	0.0148161991241564	0.0696894252664966	0.169662973038012	0.1573751956328
"TCGA.CL.5918.01A"	0.0385041986472483	0.166656679713157	0.0327728560312839	0.171146619502374	0.202634091059792	0.00675522144961009	0.0308817185545179	0.175593068192894	0.163922102417809	0.011133444431314
"TCGA.F5.6864.01A"	0.263615192471794	0.0123106075395834	0.0752109146372331	0.0507887633344399	0.0480280837210625	0.20536803023004	0.0936172426011216	0.104587410495261	0.0768562125908841	0.0696175423785806
"TCGA.AF.A56K.01A"	0.228123479189818	0.0910098564413112	0.129646488031114	0.060395003120799	0.0695361104633885	0.137551720614043	0.0178290978382311	0.132177138913528	0.0764492602695063	0.0572818451182619
"TCGA.AG.4021.01A"	0.229116935558501	0.169419514157387	0.134268661865012	0.0834826753798472	0.129081881594333	0.0442541014503331	0.102585089728792	0.0913206353312289	0.0146187744617283	0.00185173047283822
"TCGA.AG.A01N.01A"	0.0178048824187037	0.161179469683583	0.00163616064644073	0.2256122842053	0.202452674076809	0.0499702815959271	0.0335053463839059	0.284143398991055	0.0196597892758465	0.00403571272242901
"TCGA.DC.5869.01A"	0.207967475091657	0.125999298273602	0.037626028339126	0.0698126982505353	0.0753371636340176	0.0778054538771493	0.219499191255165	0.0983660806591424	0.046914650075745	0.0406719605438596
"TCGA.AG.3608.01A"	0.0408671092067336	0.0638799089653298	0.1059677577481	0.107968714008	0.072539198697744	0.0188322165612845	0.0554278747652929	0.0684994621959945	0.306767097302011	0.15925066054951
"TCGA.DY.A0XA.01A"	0.105039325419495	0.034313455066785	0.010143626304678	0.0703710732216249	0.114630460359179	0.0170963875351555	0.26680509239332	0.344698179306708	0.0101588987088313	0.0267435016842234
"TCGA.AG.3594.01A"	0.0659949070874905	0.0634070594163428	0.155954737140086	0.0514175893945871	0.0341068090040661	0.00702281262723088	0.0512686709493362	0.0710623314408556	0.367586247108976	0.132178835831029
"TCGA.EF.5831.01A"	0.318761212428914	0.0418313118148711	0.10266175244	0.0228104072495927	0.100852997634952	0.0124982255061383	0.208673792353141	0.0894095072284382	0.0905492200153895	0.0119515733285633
"TCGA.AG.3725.01A"	0.0139266509558768	0.139878148309237	0.0199010994608215	0.0958845391478346	0.109151624331373	0.0122322483858403	0.245543180013099	0.172765089778919	0.126079267258934	0.0646381523580645
"TCGA.EI.6514.01A"	0.197907233273569	0.0229504292722993	0.0227484488146491	0.0687810488902882	0.124076479939318	0.26929624812366	0.103424995501004	0.1736272665973	0.0119407616722656	0.00524708791564665
"TCGA.CI.6624.01C"	0.178034240873681	0.0547895707090849	0.056182369660387	0.104631497745763	0.0711877054682433	0.119247447832716	0.0535876113439395	0.0435113851449063	0.110839837383893	0.207988333837386
"TCGA.CI.6620.01A"	0.157998322229855	0.156022212826344	0.00865217267864011	0.0910430846922961	0.0745294749713754	0.108705297396763	0.137736636589665	0.109129484824587	0.020825118532136	0.135358195258339
"TCGA.CI.6621.01A"	0.183861966320193	0.0952246215681339	0.142075242780121	0.0627548400421541	0.0786343257871356	0.0589515640527834	0.0835714832724082	0.0513389428665916	0.158084585269667	0.0855024280408113
"TCGA.EI.6510.01A"	0.0021918971460898	0.016653389541358	2.82050507466442e-14	0.0428962933926456	0.147549163890302	0.0107255050119564	0.235953362198719	0.288115412072345	0.036350785158857	0.219564191587699
"TCGA.DY.A1DG.01A"	3.85383405878862e-14	0.0871834375517919	3.84361892371946e-14	0.184592236721643	0.112454956221545	0.02554298615675	0.0776647926050578	0.506051119867939	0.0044592904674012	0.00205118040779431
"TCGA.AF.2691.11A"	0.0784264794732721	0.026934151996795	0.0351587562801529	0.0558055873045944	0.123019506079885	0.360970310381752	0.00987685282462862	0.0265106520682865	0.0357027167391503	0.247594986851483
"TCGA.AG.A02X.01A"	0.00212009135602663	0.130147665064978	0.0385938851423262	0.0874886951765199	0.229968719748549	0.021983126549977	0.156960700989937	0.311266211392427	0.0148871438713598	0.00658376070789926
"TCGA.AG.3587.01A"	0.0817058873043423	0.161943518857117	0.0533884553388437	0.117068781989035	0.183554670544292	0.023339270996899	0.0614646477490785	0.150334907826759	0.125380212124074	0.0418196472695595
"TCGA.AG.3894.01A"	0.0421753193991927	0.223994522339508	0.0356791990857082	0.174624812151742	0.245217120166998	0.0532971025221223	0.0549148053381755	0.124332282975163	0.0244465304614994	0.0213183055598922
"TCGA.AG.3999.01A"	0.103017395405743	0.210062176493623	0.0882651463276363	0.152065105712647	0.1481700589499	0.055385867298979	0.0644046427689113	0.151311476274922	0.00809359929803705	0.0192245314696018
"TCGA.AG.A00H.01A"	0.340457058849407	0.127467856877048	0.0367036855459632	0.122811466987187	0.142853011965669	0.0504046526825236	0.027956944690623	0.122578036666414	0.0262122820013769	0.00255500373378784
"TCGA.AF.A56N.01A"	0.241879599926147	0.121039428093864	0.0499073498906019	0.10045758035599	0.0771417937619432	0.0402679113538358	0.122008679446875	0.206464379531448	0.0128397068948604	0.0279935707444355
"TCGA.AG.A00C.01A"	3.78494021769708e-14	0.279160364647013	0.0195708779700733	0.15433990802325	0.145399659814154	0.0172687549393102	0.0088956277548561	0.223794377360597	0.0831270885823169	0.0684433409083925
"TCGA.EI.6885.01A"	0.185865849500209	0.0729474230555008	0.136212566787126	0.068029960384396	0.118782061132211	0.0674631196783304	0.0985905413247656	0.0924315520601539	0.0854607814009406	0.0742161446763669
"TCGA.AG.3732.01A"	0.0286250919455158	0.0167957162075354	0.0063389560690571	0.0735476674602781	0.10302488831491	0.116743705327352	0.0819606992013149	0.116317000152339	0.0847682707385397	0.371878004583158
"TCGA.AG.4007.01A"	0.155450210535819	0.0607601862535841	0.159064517020706	0.0762577084516682	0.0721046095463359	0.0737150434646651	0.0222949700774027	0.0481108007730526	0.178763426398733	0.153478527478034
"TCGA.AG.A016.01A"	3.75707528097167e-14	0.159342035232029	0.00737289941893062	0.153059251576544	0.16798042170054	0.00750923669504871	0.18492555892333	0.309498449557698	0.00824241630968544	0.00206973058615729
"TCGA.EI.6882.01A"	0.119579741451701	0.0726758645381065	0.142338808758908	0.0284571462559504	0.0289567665982384	0.0302183596442425	0.194052176406936	0.117858644971898	0.178556827160831	0.0873056642131882
"TCGA.AG.3575.01A"	0.240086246425234	0.250371186949032	0.132998346114725	0.0589959706986137	0.0269037097462448	0.0411541540712643	0.0702503816870073	0.0607238478856052	0.0982633768834558	0.0202527795388177
"TCGA.AF.2693.01A"	0.138206741911822	0.112768172105641	0.120753983715901	0.0503100984845367	0.0622280846354108	0.0666548435027393	0.121941157810164	0.0345366835817309	0.125137368950332	0.167462865301722
"TCGA.DC.6157.01A"	0.12445103321927	0.0222377955185823	0.0206871504656383	0.0571327170682751	0.120673448774935	0.0686989980082204	0.260885740120822	0.244185442826494	0.0403891408821344	0.0406585331156276
"TCGA.AF.4110.01A"	0.206204888033663	0.0524286348277152	0.123853044534407	0.0396274986248369	0.0813503310442098	0.120179610869267	0.0149992300478981	0.0223722501249808	0.155520673495627	0.183463838397395
"TCGA.AG.3591.01A"	0.0582617807619437	0.204234428923987	0.134977545204002	0.0381109555334303	0.0575651178571535	0.0553003460193406	0.161801266910312	0.136649829431541	0.079698605381692	0.0734001239765977
"TCGA.EI.6881.01A"	0.0448237846340202	0.217406406172698	0.109717924807503	0.183041259027475	0.0351522727485931	0.0115364453148363	0.186719856846658	0.120632582064088	0.0653316379530615	0.0256378304310655
"TCGA.AG.A008.01A"	0.00425251611602519	0.156633027090094	0.0109675988785224	0.122993212246082	0.109878989124399	4.08247396171673e-05	0.0879801079268123	0.404976785796325	0.07512980326024	0.0271471348218833
"TCGA.AG.A015.01A"	0.00117972592954518	0.167313905929007	0.0137763268650478	0.258294278931946	0.0573751480477763	0.00818056694125182	0.160029968135222	0.313995778447958	0.00491607296074915	0.0149382278114973
"TCGA.AG.3892.01A"	0.0396001916817999	0.148566511950951	0.162282107794966	0.0477476709580155	0.0588052105571839	0.0343807148260428	0.0199865910520218	0.0300748263747446	0.277517709142808	0.181038465661466
"TCGA.G5.6233.01A"	0.0586765979714263	0.146241320708452	0.108420006087082	0.114045743800528	0.141599573030508	0.0558187123449682	0.116083903446417	0.158153056465723	0.0581995839138302	0.0427615022310644
"TCGA.AG.3732.11A"	0.0722083469440557	0.0163756169516456	0.0258382216327905	0.0710899326355014	0.167754762220135	0.423851185140069	0.0390249194610417	0.0702475332030166	0.00621168888539462	0.10739779292635
"TCGA.AG.3898.01A"	0.156657306236956	0.18339389023512	0.176531997761672	0.101289655243091	0.0798654559945016	0.0273542490953256	0.0149760439438436	0.076068552000763	0.156243564677434	0.0276192848112935
"TCGA.AG.3578.01A"	0.094379143175685	0.0999086203927206	0.198865267041265	0.0688043072819406	0.0507386088356065	0.0335084425550579	0.140087815491289	0.182927601856208	0.0753913966577878	0.0553887967124392
"TCGA.DC.6682.01A"	0.0278370572468985	0.0663674842368126	0.00469664888873491	0.0899026761219651	0.140635156782274	0.00802916476017839	0.302310709793224	0.295998684209658	0.0540830088872561	0.0101394090729989
"TCGA.F5.6813.01A"	0.195869784548515	0.0741458017068972	0.04899212737567	0.0869497097589957	0.0683060829304907	0.158220064711124	0.087982103095382	0.0558457655788457	0.134795966704065	0.088892593590014
"TCGA.F5.6702.01A"	0.372723962135021	0.0629966741351089	0.128377588122429	0.0396875263219263	0.0349644680026055	0.17503371787756	0.0443739123381666	0.0115114204164679	0.0767422199425043	0.0535885107082104
"TCGA.AG.3731.11A"	0.0663191592243513	0.0135180749479296	0.0750915675563874	0.06240926667439	0.12888473732282	0.357102162559134	0.0109954811475079	0.0326701407155192	0.0344296074457955	0.218579802406165
"TCGA.CL.5917.01A"	0.156985190349322	0.134590730490732	0.0386148449091993	0.0940552420889479	0.118660380421028	0.0312381490939363	0.206172463084734	0.203951330368797	0.0100467960565703	0.00568487313673351
"TCGA.CL.4957.01A"	0.0794631063744147	0.151735512387392	0.00866708803537247	0.109333766337411	0.128371795549643	0.0400763289591064	0.229291272326404	0.235620445051836	0.0145141287983637	0.00292655618005675
"TCGA.EI.6507.01A"	0.169706951564237	0.0978071816486049	0.174830443291875	0.0525682134554101	0.108826439807215	0.0044989441396269	0.0885732500993819	0.108722729163826	0.133113050103709	0.0613527967261146
"TCGA.DC.4749.01A"	0.0479697634875025	0.14945140104542	0.0188123205886661	0.153171649254277	0.0949490476855987	0.0042779527796219	0.252741293073486	0.188726996188132	0.0727448920839165	0.0171546838133794
"TCGA.AF.2690.01A"	0.166795176378222	0.0228541192589002	0.140832866922734	0.0356786730734218	0.0492905248302272	0.249521191550825	0.00730194411165926	0.00883842609764865	0.134281788611677	0.184605289164684
"TCGA.EF.5830.01A"	0.0382601185861229	0.0903190368645622	0.00172731410642026	0.101361132420559	0.215350940069796	0.0223558274214716	0.204346918306593	0.23675788205876	0.0814801537632194	0.00804067640249645
"TCGA.AF.3911.01A"	0.216400028488786	0.13275342248013	0.107691812163027	0.065606341892851	0.0627179037019282	0.139156480907451	0.13007420281522	0.0898305034781446	0.0357889917193707	0.0199803123530905
"TCGA.AG.3725.11A"	0.0306452889733761	0.00720443147933487	0.0646824325763493	0.106235541254716	0.0868381894892039	0.372526320641627	0.0199828357755512	0.0399243734602611	0.0837295395064136	0.188231046843167
"TCGA.DC.6155.01A"	0.00114341828319103	0.175194048565332	0.00118556818761445	0.311145454596922	0.16948584742762	0.0328408304080562	3.1658420551803e-14	0.223301625545125	0.0291788448938048	0.0565243620923028
"TCGA.DC.6681.01A"	0.207378400819845	0.0156148777489701	0.0125442934910689	0.0763427953911658	0.153701509790847	0.268981911088337	0.141600942245123	0.0674508682294336	0.0174909028139294	0.0388934983812798
"TCGA.AF.A56L.01A"	0.140635879987915	0.121525885509785	0.00331047610539236	0.122751697506506	0.142980782583213	0.014556632480151	0.13484022351426	0.247538722295935	0.0395788229632594	0.0322808770535832
"TCGA.CI.6623.01B"	0.115869525811462	0.148414548568611	0.171241658049584	0.0304575962663399	0.0789336017828015	0.0419060056092549	0.25278197278515	0.0904050080804868	0.058110284027248	0.0118797990190614
"TCGA.AH.6897.01A"	0.021277711097494	0.162199190356987	0.0324103131253573	0.118545560959999	0.138624261337015	0.00961909880873525	0.294329653839061	0.198633350741737	0.0123114121544931	0.0120494475791209
"TCGA.G5.6572.02A"	0.02111922662961	0.11273959879299	0.0362910508464764	0.328832619275751	0.0859162917973992	0.214293401075084	0.0133374928839437	0.113317414008826	0.0222396204874779	0.0519132842024417
"TCGA.AG.3574.01A"	0.0185070677259595	0.085689900965471	0.0379866153542661	0.26840062641263	0.152511533306751	0.0746966654029627	0.108127121703307	0.176324189246047	0.0506348283849391	0.0271214514976667
"TCGA.G5.6235.01A"	0.00113011185595002	0.12711570229581	0.00756492815233848	0.316500342887221	0.0559493522358487	0.0117556847243815	0.137670884663339	0.248671881612116	0.045727163696188	0.047913947876807
"TCGA.AG.4005.01A"	0.236632991705325	0.195303157266156	0.112633642700199	0.0281691969208448	0.141536877536949	0.0489370310272319	0.0808864575450037	0.0756526623098748	0.0267903971206499	0.0534575858677657
"TCGA.AG.3583.01A"	0.00533642793767119	0.145737722806914	0.12691668698983	0.138066241752248	0.0911572413683022	0.044029905604729	0.0512271431528021	0.0859422667374854	0.162313167801734	0.149273195848284
"TCGA.AH.6547.01A"	0.124671419060354	0.0195063586154182	0.118472700772433	0.0664710293937387	0.0788907923245647	0.144962219757524	0.0173154171466148	0.0164513594777548	0.110389646769369	0.302869056682229
"TCGA.EI.7002.01A"	0.184467049134639	0.0453992284079947	0.0837086662452922	0.0972938705101637	0.106617923135627	0.0879009520848444	0.1441828462576	0.171491870811177	0.0451296388375878	0.0338079545750736
"TCGA.AG.A00Y.01A"	0.00116024306469141	0.158169003668978	0.0160456682564731	0.128275584352664	0.153791267818287	0.00971203869324425	0.0319306300987894	0.164468877214039	0.203898689014502	0.132547997818333
"TCGA.EI.6506.01A"	0.0977585149888836	0.130910391631804	0.132369712825068	0.059640313792896	0.0252066448947185	0.0528175301033903	0.071681742447456	0.0846912326576826	0.156122907858685	0.188801008799416
"TCGA.AH.6643.01A"	0.161389442392012	0.161699103092299	0.080899798407051	0.0564860060580805	0.0830280288992182	0.038688180833297	0.181101265755587	0.192615801738661	0.0340309997996163	0.0100613730241781
"TCGA.AG.3890.01A"	0.0389956359560864	0.0812326996738417	0.0252841035224403	0.0784415076674772	0.0894252014756324	0.0607609633415888	0.000133403538149768	0.15531527140356	0.127856815424894	0.342554397996329
"TCGA.DY.A1DF.01A"	0.029364263150089	0.0272256155240679	0.000596616882224706	0.162219305496839	0.323158746378188	0.195487303508848	0.0494348349653829	0.201549261925501	0.00424333981020935	0.00672071235865088
"TCGA.F5.6571.01A"	0.230272941056615	0.0190927931412457	0.0837303988798097	0.0257630030088874	0.0432973287288677	0.131815297875804	0.0598838498301658	0.0676303601217391	0.170180231064069	0.168333796292797
"TCGA.AG.3882.01A"	0.0508881987514235	0.0360283110744355	0.0696186438226638	0.0917462529094926	0.108069539982691	0.0576298463520577	0.00457234949779851	0.0807426291739818	0.221890913942979	0.278813314492476
"TCGA.AG.3598.01A"	0.0369868913384862	0.112458137159954	0.166357247580323	0.00849791909391876	0.060180002704335	0.0411483467876551	0.0363961589061263	0.0600866214395048	0.399791593307007	0.0780970816826899
"TCGA.AF.2689.11A"	0.0602085666452866	0.0107817834828568	0.0216510666334115	0.0600804086849049	0.135972594465659	0.366446542864448	0.00268577698522638	0.0270113066973687	0.038660885930728	0.27650106761011
"TCGA.F5.6811.01A"	0.298949027690736	0.0708681241800042	0.0825685622406217	0.0550049692277675	0.0795413260984008	0.04871153819358	0.132771531700722	0.0694583801035271	0.119389935769753	0.0427366047948872
"TCGA.F5.6810.01A"	0.198666298497274	0.0751761040259848	0.0238279070331528	0.0772749372716546	0.118340639044857	0.236178292547817	0.136764547069604	0.0929271265773084	0.0295680731038049	0.0112760748285431
"TCGA.F5.6464.01A"	0.281006402662572	0.0446163723039086	0.130404069776768	0.039167121820153	0.0443137113822608	0.17688357432773	0.0351129416195068	0.0206003916625743	0.125902238962306	0.101993175482221
"TCGA.CI.6619.01B"	0.0751331679128679	0.139370077574247	0.0828424453342538	0.0870919603116104	0.149115774293957	0.0896655435668482	0.0576260211077631	0.111765354230307	0.109495861515027	0.0978937941531177
"TCGA.AG.3602.01A"	0.0989280451890981	0.303929611632059	0.151607753745974	0.0701518006798797	0.0891436945802774	0.0370077764169748	0.0213726246890509	0.0270372001555658	0.121145325727866	0.0796761671832545
"TCGA.AF.2692.01A"	0.0976389851143304	0.177427362479124	0.0819801012794951	0.0575717928336034	0.124567421800165	0.0880586123909057	0.0497954436942584	0.210602424663473	0.0267202951793632	0.0856375605652821
