"ID"	"CE1"	"CE2"	"CE3"	"CE4"	"CE5"	"CE6"	"CE7"	"CE8"	"CE9"	"CE10"
"TCGA.EE.A2GJ.06A"	0.19083871656694	0.028558371592876	0.128627288843621	0.0257031585340639	0.0591441659559675	0.090299922940935	0.115217539738517	0.0821446232738581	0.187657601844698	0.0918086107085231
"TCGA.EE.A2GI.06A"	0.068820539098584	0.0986545845552688	0.0553916692628533	0.0972663517564326	0.0886848626707761	0.0548814380487915	0.0558842578829288	0.0745391799384181	0.244821736086489	0.161055380699458
"TCGA.WE.A8ZM.06A"	0.0506664618298825	0.0449436150913768	0.00441904510435749	0.244769066822332	0.154480599816119	0.187835255616447	0.0338970256897921	0.276917988072676	0.000986764953296893	0.00108417700371923
"TCGA.DA.A1IA.06A"	0.0283555169844373	0.0879100062363386	0.00230276449020366	0.264639659830621	0.265353876731424	0.101801569256264	0.0261932582395399	0.21392390071126	9.15542254606668e-05	0.00942789329445107
"TCGA.D3.A51H.06A"	0.0532775141628576	0.0139793023657169	0.0676039927956607	0.0856926867462273	0.0889171959840023	0.0953254868973075	0.00403826973432147	0.0850558622070351	0.131638298983642	0.374471390123229
"TCGA.XV.A9VZ.01A"	0.0668493488940874	0.136916517717648	6.67286651870831e-15	0.127801609697363	0.17010135306904	0.159902932661824	0.0352668884034893	0.289373199793139	0.00261945635690441	0.0111686934064981
"TCGA.FS.A1ZE.06A"	0.110057652387655	0.10972185577453	0.00555961386377356	0.0520609863461669	0.0832719192481247	0.166379655308828	0.18822594839487	0.277557302949923	0.00229516214731021	0.0048699035788181
"TCGA.D3.A8GB.06A"	0.0806381266792054	0.0422279046939646	0.0465523168426174	0.183783271469395	0.046286690711473	0.132441190929943	0.00169102082550122	0.0319172460304438	0.147620358155346	0.286841873662111
"TCGA.D3.A8GL.06A"	0.0292442471655801	0.0245406457926458	0.0197488114129516	0.29188873047881	0.0873035088045235	0.0756130861889756	0.2174817201514	0.247289345698855	0.00408415747747531	0.00280574682878365
"TCGA.BF.A5EP.01A"	0.168145351687726	0.183931621083931	0.0356933817152354	0.0202590387657201	0.246793350922693	0.0730805812538631	0.0898481554122719	0.160834453564205	2.41833333386896e-14	0.0214140655943295
"TCGA.FS.A1ZS.06A"	0.345051151631411	0.0970807732343907	0.118065172488233	0.0162162789598569	0.0714622662736072	0.0943826255132942	0.126202800479103	0.0964259507717006	0.0162066733634766	0.0189063072849269
"TCGA.ER.A19D.06A"	0.17176131250292	0.0276090457250631	0.0983964173177178	0.0810199426932969	0.189301498911122	0.139711096946887	0.0560283254734911	0.0910875119255376	0.054265119568881	0.0908197289350836
"TCGA.D3.A2J6.06A"	0.108401268594874	0.135347450373475	0.0484909846373653	0.08397050183825	0.121479343824606	0.0147240210005992	0.141400726023199	0.137118893238322	0.184220940130076	0.0248458703392351
"TCGA.EE.A3AF.06A"	0.218954034446052	0.0676272605422063	0.24742903622541	0.0182585539356008	0.0519897291903128	0.0288027400981723	0.121411705572601	0.0707837735415316	0.146649766094449	0.0280934003536654
"TCGA.BF.AAP6.01A"	0.16957671452869	0.178590404818429	0.0403996677416347	0.0819177827042279	0.124645445449991	0.0366121485328674	0.165014270166918	0.176859888871108	0.00650898521508363	0.0198746919710511
"TCGA.D3.A8GM.06A"	0.0972052466043169	0.0854497652898981	0.130209217587348	0.0979804660874719	0.105979040646752	0.0450588215375237	0.131685992499796	0.102376525084792	0.126350287346745	0.0777046373153565
"TCGA.D9.A3Z3.06A"	0.14303588059818	0.0301633184530812	0.0571719157205444	0.0918236265694534	0.0820693777189542	0.0624317668553647	0.0336847179107822	0.0706827927974365	0.154956423921116	0.273980179455088
"TCGA.EE.A2MH.06A"	0.0473613768222817	0.065716260023684	0.0689132714813672	0.119347406318095	0.0731930000245033	0.0935169877282636	0.0331082671253035	0.080147674413084	0.148606604599205	0.270089151464214
"TCGA.EE.A2GC.06A"	0.171503818383532	0.0177891382946849	0.123321898791211	0.013293746589694	0.082336003794052	0.0728474906130711	0.0934975078004932	0.115733132798174	0.215476052635629	0.0942012102994592
"TCGA.WE.A8K5.06A"	0.296946792588771	0.0633536595992507	0.0231050508715291	0.0569148632842435	0.0721631401197508	0.12387616158113	0.0572751578564829	0.149563560102078	0.13231259287625	0.0244890211205138
"TCGA.EE.A17Z.06A"	0.0794320011544488	0.172805049771148	1.38499279275338e-14	0.142551278687005	0.197588563006182	0.110633405818823	0.0710219007374835	0.214203402913272	0.00161189891754928	0.0101524989940748
"TCGA.ER.A19T.01A"	0.105081544433993	0.0948702039913712	1.05832806353798e-14	0.173364427478834	0.175020486468262	0.0419525898488944	0.125286049964572	0.280383415822727	1.10885492517956e-14	0.00404128199132539
"TCGA.FS.A4FC.06A"	0.125391394362671	0.143853886673704	0.0254696640932119	0.117083265174797	0.0767984903780006	0.175057078663406	0.148185999767082	0.115755029295135	0.0368482919678592	0.0355568996241335
"TCGA.XV.A9W5.01A"	0.140022351818085	0.285274697202493	0.0317530598010329	0.0658672115417355	0.108750876424337	0.157305978892575	0.0332047846021115	0.13247213416114	0.0379975955865681	0.0073513099699221
"TCGA.ER.A42H.01A"	0.126184789409757	0.00607083850808566	0.0618336943402923	0.162736509462114	0.107351023667994	0.156382461134911	0.109160125732913	0.264449112838344	0.00133405353432882	0.00449739137125966
"TCGA.EB.A44P.01A"	0.100513732458282	0.228476393927998	0.0361138544722832	0.0667349615616134	0.0610085923705843	0.0704281239868214	0.116878321048372	0.278246216717754	0.0360002604185954	0.00559954303769693
"TCGA.D3.A3C1.06A"	0.283556707002237	0.103717001107081	0.104084151406137	0.0592532565238566	0.0629406023716907	0.132629835745292	0.0984895228065023	0.0489051555006678	0.0315753413791285	0.0748484261574063
"TCGA.FS.A1ZT.06A"	0.120745168720356	0.0381934097253413	0.0831246195846785	0.0435503901042756	0.0534547199059605	0.135334156855904	0.0819092467457495	0.0843795501924996	0.148872176268534	0.210436561896701
"TCGA.GN.A8LK.06A"	0.00974910507565847	0.0969800919549325	0.00468234174135438	0.205910138347167	0.256024823201896	0.107821340489392	0.0156258459540586	0.300956366013102	3.84494907589735e-14	0.0022499472224007
"TCGA.FR.A729.06A"	0.083764960501819	0.0482363503082143	0.0736544528870634	0.201408189187173	0.0517111801301401	0.0533779925858446	0.0291879216842631	0.103497589092027	0.163751384479515	0.191409979143941
"TCGA.D3.A51J.06A"	0.115538581657844	0.0165645480196343	0.0764090946634108	0.0850900082770675	0.0434562763218717	0.085987877684025	0.0409926571870413	0.0690710858771854	0.24290086644066	0.22398900387126
"TCGA.EB.A57M.01A"	0.216074654834071	0.267337961705804	0.0271752921351086	0.0396265801478362	0.063157536654789	0.301071028561622	0.00512451484746584	0.0297449065144495	0.00381624526488732	0.0468712793339665
"TCGA.WE.A8ZN.06A"	0.177858470200507	0.0256610814063082	0.0630040798434207	0.0740141994806045	0.102686195394932	0.175830656279917	0.00306038314748085	0.0280037416796533	0.255106128871828	0.0947750636953479
"TCGA.EE.A2MD.06A"	0.0876367008291847	0.109191913449995	0.0213522552322738	0.0809434778146816	0.132760118173047	0.0528874221067666	0.160949367875134	0.165441014896274	0.0619957366768304	0.126841992945813
"TCGA.DA.A1I1.06A"	0.246868259478197	0.0135853777513832	0.168556476365533	0.0251558303812715	0.0373270746905055	0.113743921072825	0.0651644923248669	0.0350206360009586	0.179878064285177	0.114699867649282
"TCGA.EB.A82B.01A"	0.130906949773852	0.20240542048957	0.143953576849762	0.0688720250212529	0.0447567951201997	0.0572668044100562	0.0340304783734134	0.0744119518331504	0.170908917566709	0.0724870805620341
"TCGA.FS.A4FB.06A"	0.116114890872802	0.0492365168028197	0.00163178274374366	0.169811123350248	0.135353979767551	0.150111241253033	0.0942558574193385	0.277848436882634	0.000430730897416826	0.00520544001041354
"TCGA.EE.A3J8.06A"	0.038793758837274	0.0809910628926838	0.00315133475311585	0.199106629693945	0.170842447806258	0.0933480944636646	0.148741136237717	0.26299420633679	0.000457866782941117	0.00157346219561091
"TCGA.D3.A1Q7.06A"	0.146751253108932	0.0158421847851857	0.130895339641391	0.0373898256557902	0.0440869144418723	0.169986899597617	0.046371234668079	0.0239050893343604	0.209373646228203	0.175397612538569
"TCGA.GN.A267.06A"	0.119996406321266	0.0210254836725563	0.012498246977965	0.242356753288215	0.167081269887306	0.173294876130705	0.0152149913679254	0.141658642972931	0.0731500543404046	0.0337232750407263
"TCGA.GN.A266.06A"	0.270221297625375	0.0347549268370772	0.151644550233803	0.0249717151588781	0.0511750023217861	0.105057840131473	0.0489230878949703	0.0639556728281378	0.151331082343946	0.0979648246245533
"TCGA.D3.A8GC.06A"	0.13173718897345	0.0712170502012153	0.133638155466654	0.0659129310893678	0.0813952452124003	0.0687465776035808	0.192621812103861	0.179514321088494	0.0294118587859169	0.0458048594750596
"TCGA.BF.AAOX.01A"	0.0234629226183802	0.303685088545616	0.0352155446276825	0.35192573824406	0.137980990099317	0.0420272576038911	0.0134019978356016	0.0799293880434703	2.02186727475947e-14	0.0123710723819607
"TCGA.D3.A5GS.06A"	0.140195802362946	0.0192791351618951	0.0988958769333259	0.132242727195068	0.105598252987455	0.138159080013637	0.0612402637210634	0.128480688038599	0.149478232728671	0.0264299408573386
"TCGA.EB.A42Z.01A"	0.288453712987081	0.0551578318239685	0.00181939226567459	0.122855819978768	0.0716209825569987	0.134336954572722	0.118472407020061	0.163160639364656	0.0154252379483049	0.0286970214817658
"TCGA.EB.A42Y.01A"	0.222479310957954	0.129557529426408	0.0293282257836896	0.127220682653463	0.132883707390182	0.0594562624589563	0.110857365593208	0.149380139109208	0.0354719694781655	0.00336480714876471
"TCGA.Z2.AA3S.06A"	0.053629512906848	0.0144918288050972	0.0113499724862447	0.047074080045093	0.0938580217142982	0.147374481200544	0.239449994930498	0.29316412982471	0.0470450957676373	0.0525628823190299
"TCGA.ER.A3EV.06A"	0.0265790256782272	0.117475878943413	0.0281103283304555	0.138079975452451	0.285835165511675	0.138118116527525	0.0474603243280161	0.168904056418376	0.0118645745901007	0.0375725542197604
"TCGA.EB.A5FP.01A"	0.0739104558562084	0.345513712363521	0.0100117743307347	0.0263548061082122	0.06436625557579	0.0294757195915294	0.197045791557557	0.237391765635919	0.00608775072294897	0.00984196825758004
"TCGA.FW.A3TU.06A"	0.0227651300122604	0.0897842149539576	0.0412096693910706	0.17685856999064	0.317234226727307	0.0648905850948986	0.0480915440856112	0.180339614165621	0.0266633467281611	0.0321630988504719
"TCGA.FS.A4FD.06A"	0.123319688964444	0.0438172618562524	0.00292512560590311	0.12402578844247	0.146156429505818	0.174709649414286	0.0928860479605164	0.266676184667481	0.0137763778894259	0.011707445693403
"TCGA.EE.A2GE.06A"	0.190589455272239	0.0332990162096689	0.123695071509279	0.0816874333976089	0.0537729426548075	0.143794207060487	0.00618957900762506	0.0232593894356708	0.163817920275552	0.179894985177062
"TCGA.FS.A4F9.06A"	0.0488117798548372	0.0925901974674622	0.0171961166465986	0.108863802392394	0.238634618336283	0.151369088309871	0.0969824584506586	0.210132206985431	0.010026632852077	0.0253930987043879
"TCGA.FR.A3R1.01A"	0.135307214896158	0.0869008006002995	0.0200155212091411	0.0266622061492581	0.0741890926291291	0.046599846080471	0.267020006951664	0.142571951911985	0.17919327115991	0.0215400884119842
"TCGA.EB.A3XF.01A"	0.143738461474042	0.215819860136726	0.120631478385893	0.0461348071582093	0.0484724763638404	0.0847886826996578	0.167281794323957	0.0721167877136695	0.0908346754165215	0.0101809763274833
"TCGA.WE.A8K4.01A"	0.0362641725077062	0.0589409947062053	0.0183010845260742	0.130076165952015	0.150309236223051	0.0222619769308392	0.0674218943165868	0.167121285599098	0.215649213408601	0.133653975829824
"TCGA.YD.A9TA.06A"	0.109880424577637	0.0730461250021397	0.122380991207549	0.134355804143041	0.151647508660209	0.0805163227243367	0.0416111981910197	0.130369303085043	0.0860282841053597	0.0701640383036657
"TCGA.EB.A5SG.06A"	0.139307623966903	0.0214519173340806	0.138313793716995	0.0379559843507757	0.0118353193971012	0.0229402066431303	0.00237940943595294	0.00629713102856649	0.392535662385584	0.226982951740911
"TCGA.DA.A95V.06A"	0.0186038994743524	0.0475544402540931	0.0193572020902146	0.292769117041594	0.129313215273687	0.0720958631763603	0.0372286098266672	0.0630479394773574	0.176066567313954	0.14396314607172
"TCGA.FS.A1YX.06A"	0.286969110950036	0.058991844805036	0.131607400289752	0.0671166849416019	0.063789045480457	0.12342582204008	0.124317137544099	0.111727256561157	0.0127883752335584	0.0192673221542233
"TCGA.YD.A9TB.06A"	0.23555976615317	0.0188493404634642	0.0623255148517355	0.0300231702834647	0.0581757587591562	0.268376590003694	0.129252939143361	0.0743727687974959	0.0628181717118929	0.0602459798325648
"TCGA.EB.A3XE.01A"	0.144898033398819	0.29781949786923	0.00459330228293098	0.0572814720541896	0.0771346446978508	0.261806649826984	1.488577102129e-13	0.0535024380000596	0.0442222750238454	0.058741686845942
"TCGA.D9.A4Z5.01A"	0.171469263364675	0.0584937427691227	0.189423012437149	0.0455743772075217	0.0787079831335919	0.167061923853117	0.0996896972623244	0.172186692719125	0.00997727161647226	0.00741603563690136
"TCGA.D3.A2JN.06A"	0.1908026538022	0.125918557074261	0.0359198531190663	0.0415169363345437	0.0982047652941382	0.112916538037928	0.0203577383347697	0.0549525358127472	0.160460411751895	0.158950010438452
"TCGA.WE.A8ZQ.06A"	0.0631674466798861	0.0230633012882491	0.00494431903538262	0.18195517926522	0.208017501283164	0.174931696703764	0.0757122102528399	0.267954885892961	8.20837529178523e-15	0.000253459598524429
"TCGA.EB.A1NK.01A"	0.237115396646299	0.411797518351624	0.011270041500403	0.0327838595453093	0.0893922915441136	0.127946562287958	0.0172590868638341	0.0369011621933698	0.00133582735104512	0.0341982537160435
"TCGA.ER.A19F.06A"	0.173150328533533	0.0903256248428763	0.0220964250002042	0.0838625975763123	0.0630373524038911	0.0467185317944868	0.29591255560607	0.172252719537503	0.0391762402948151	0.0134676244103082
"TCGA.EB.A3HV.01A"	0.227759306850266	0.3004574600042	0.0637086548939211	0.10255662620876	0.0967721768178308	0.110005356329102	0.0278879876426731	0.0527715555170139	7.24774333958829e-07	0.0180801509618987
"TCGA.BF.AAP2.01A"	0.0244107690998196	0.302208800054177	0.00176777670206027	0.0890311343922494	0.106116783616824	0.0871235448986428	0.0610319070041515	0.17321976849306	0.0630512410783139	0.0920382746607011
"TCGA.EB.A6QZ.01A"	0.128510577553422	0.209037516059447	0.0113301804799274	0.131855064243882	0.187670700132472	0.0992909059955486	0.0643020057094005	0.13510863098354	0.000202495638950268	0.0326919232034114
"TCGA.D9.A3Z1.06A"	0.135184969839933	0.0572580768907129	0.133474156653886	0.0353080629965905	0.0426155792926297	0.0182192319261611	0.0690246415839369	0.0436313674571277	0.291422471119924	0.173861442239098
"TCGA.FS.A1ZC.06A"	0.141538059593646	0.0881603547890402	0.010546797295636	0.0771366971677511	0.203763691145812	0.071627108483009	0.159555829982952	0.240815180003053	4.75274532905294e-12	0.00685628153434793
"TCGA.Z2.AA3V.06A"	0.0567577522755753	0.0334873024498778	0.171706174346311	0.0948904619718623	0.118622210473551	0.0622508953486646	1.23587515584923e-14	0.0266226494531708	0.290943538192554	0.144719015488422
"TCGA.D3.A2JH.06A"	0.0821463084905012	0.0488027546077163	0.090011458290239	0.0527485619549883	0.0907705648664158	0.0842817648092715	0.0606888837435424	0.0952315980970898	0.233184811243153	0.162133293897083
"TCGA.D3.A5GT.01A"	0.0187562550257922	0.0803996341417838	0.0165979098993258	0.358796958798275	0.063787477321304	0.112319283243489	1.13409387420275e-13	0.275179180719422	0.0550130045675073	0.0191502962829877
"TCGA.D3.A8GD.06A"	0.0610089952277456	0.0444749250407982	0.0900152236884923	0.0556061662860237	0.079670075737717	0.0479311593237718	0.0401009100024216	0.0929747083450198	0.224125954738463	0.264091881609547
"TCGA.EE.A29M.06A"	0.0563377321519638	0.0628762304364236	0.0471543896472834	0.109190013713811	0.0681997404833128	0.0641137348873548	0.137068257810968	0.130274375005322	0.157458225999818	0.167327299863743
"TCGA.EB.A4IS.01A"	0.149702606578978	0.0611396920766281	0.0367104972525024	0.0563036929797367	0.0923009344964718	0.0939923972301743	0.0266634560791169	0.0737422628104305	0.141271488295365	0.268172972200597
"TCGA.FR.A3YN.06A"	0.0740599869738323	0.0276951189334033	0.040396018547716	0.0864074535620862	0.0952570886392332	0.089019096905151	0.177685783674233	0.163620676767538	0.15382865282919	0.0920301231676166
"TCGA.BF.A5ES.01A"	0.395083722723236	0.148883986945515	0.0717434807089067	0.00656484022656083	0.0589519864443132	0.0509561632002974	0.0847398751937741	0.0942336004292066	0.0587129739598488	0.0301293701683412
"TCGA.EB.A41B.01A"	0.0161072681078306	0.0511829944434275	0.00423796231450087	0.225444817408684	0.136667391494535	0.0645877388516014	0.165494538392536	0.317684523345517	0.0145404443993149	0.00405232124205185
"TCGA.EE.A2GD.06A"	0.33487720518035	0.0741691076236366	0.1859401516517	0.0210385997747979	0.0232638983102191	0.159338927011463	0.108433189520418	0.0234714823129568	0.0387439015990517	0.0307235370154068
"TCGA.ER.A195.06A"	0.1677317969275	0.0387571995438847	0.128458247477253	0.0583472551082987	0.0805626109381269	0.151307075024581	0.0537749642029327	0.0428490104126173	0.145267630172153	0.132944210192653
"TCGA.DA.A1I5.06A"	0.191619965757114	0.0703380061037944	0.199729402218307	0.0982791683982194	0.0426927415928213	0.0619933890634398	0.00893581595527262	0.0130433502917028	0.177906294942171	0.135461865677158
"TCGA.BF.A1PV.01A"	0.227255324314503	0.216162302452826	0.0237609315274003	0.00475499153404399	0.0882552897315218	0.0581203262398914	0.244961726492764	0.133318099508499	1.48029962225732e-14	0.00341100819853596
"TCGA.EE.A29Q.06A"	0.0820742270101081	0.0510065730447427	0.0475060987291969	0.0656834360566015	0.118979672082472	0.100245779050551	0.224711294821395	0.291709071868394	0.00321908759974996	0.0148647597367886
"TCGA.FR.A2OS.01A"	0.202252633726739	0.131156903129467	0.0709390058183623	0.0704338326576151	0.111548769048202	0.0945628361340845	0.176082936433953	0.138855327178796	0.00142774255850721	0.00274001331427478
"TCGA.ER.A2NG.06A"	0.14966316969541	0.1378216886495	0.155494064105119	0.0397060289321961	0.0385238174934089	0.00678669439871341	0.0668435279381205	0.0318859805133685	0.278262628435283	0.0950123998388792
"TCGA.W3.AA1O.06A"	0.122477049661622	0.0916993135073487	0.0611952903780598	0.12409550795057	0.0800642993236758	0.0675139497348269	0.21531374298178	0.224931841936098	0.00789196650425051	0.00481703802176828
"TCGA.WE.A8K1.06A"	0.088302298808212	0.0386329578088779	0.0596351702733387	0.0704241017211539	0.0925940616876602	0.0404149151377825	0.0351706668820917	0.103732309508176	0.263549671202387	0.207543846970321
"TCGA.EE.A2GU.06A"	0.0647928008915886	0.0211582550956037	0.082409778946708	0.0511464784826246	0.0944362581460852	0.0389026203330819	0.148726123162649	0.124327231652023	0.252884920171486	0.12121553311815
"TCGA.EE.A29L.06A"	0.0632642170628413	0.140804505016511	0.011035557604618	0.0324035046474984	0.185571496845997	0.0567878705527329	0.246476920178509	0.253246363681443	3.98291989137634e-05	0.0103697352109355
"TCGA.D3.A2JL.06A"	0.0547730922683587	0.0414906394613754	0.0271893448631322	0.0576894093160337	0.0618052357990692	0.0469089084983749	0.0260748958741564	0.0646053685453396	0.366274461519722	0.253188643854439
"TCGA.EE.A2MM.06A"	0.117978088216535	0.0873136719874082	0.0734051601192038	0.0369905482807965	0.0710887008891753	0.150845982434286	0.190283426842231	0.190019150171282	0.0605136662804894	0.0215616047785934
"TCGA.D9.A148.06A"	0.0876060984803581	0.108662577284093	0.0374071300295416	0.107664370001761	0.124053610329108	0.0613321769400762	0.142801446897445	0.18690675005787	0.0931627228545899	0.050403117125158
"TCGA.LH.A9QB.06A"	0.0899882959281781	0.0465813345276154	0.00780950065315183	0.200761136608678	0.0599510900599846	0.248936190822061	0.109287422958088	0.236051581843461	0.000293339518883896	0.000340107079898737
"TCGA.EB.A5SE.01A"	0.119251600346831	0.234194704865917	1.43712682610379e-14	0.170360483704533	0.0649576134737501	0.0663127570189209	0.230306900287553	0.109267298165321	0.00106145400567533	0.00428718813148501
"TCGA.WE.A8ZR.06A"	0.0871923522874133	0.0602283488351723	0.0174447898502238	0.128076129267508	0.131976939769265	0.0173193022474016	0.231799291752467	0.214000576754041	0.0202617149876522	0.0917005542488553
"TCGA.FS.A1ZJ.06A"	0.0502104477938482	0.0697508581847782	0.011877385466829	0.144089816528421	0.162431969784686	0.0956106925972071	0.137165469025642	0.262218928680687	0.0466001944651657	0.0200442374727352
"TCGA.XV.AAZW.01A"	0.130127144679435	0.444750894070061	0.00513790968185357	0.0722497644279087	0.0857754985697086	0.113320038648391	0.0156531715720162	0.129856965395625	8.41918728598226e-05	0.00304442108214193
"TCGA.D3.A8GE.06A"	0.225016801052009	8.24621497368881e-05	0.0367009576148642	0.0334429389522462	0.106796166870809	0.240183321433751	0.0587245186917382	0.122883482322752	0.0899036497367894	0.0862657011753036
"TCGA.D3.A2JF.06A"	0.0578096050583455	0.0773448232979747	0.0505976760906611	0.0424284857612054	0.0565445304827076	0.136014513471249	0.0164324801057184	0.0640523862396399	0.246893011984819	0.25188248750768
"TCGA.FS.A1ZR.06A"	0.114801781811035	0.0969083612141265	0.019274557409876	0.0455893208111238	0.188879590925429	0.234552434366646	0.12401370068997	0.124737843632864	0.024646454005696	0.026595955133233
"TCGA.EE.A29B.06A"	0.0894969567371031	0.0669218327809519	0.185848329271913	0.0435767370782382	0.127308750112512	0.0866786371478888	0.179816592436978	0.151232103742876	0.0369122649820059	0.0322077957095329
"TCGA.FR.A7U9.06A"	0.234601788983733	0.0731425100384439	0.170157924281786	0.178076104886659	0.00812256760628636	0.0563801300420927	0.0234586652139818	0.0293987225508991	0.136166399975708	0.0904951864204089
"TCGA.EB.A3Y7.01A"	0.0268557920798098	0.27345258265265	0.0556132582547119	0.261677983461355	0.137742934634086	0.084811675467604	0.00950352309642145	0.132521536614906	0.00792617709331311	0.00989453664514206
"TCGA.EE.A2M8.06A"	0.169632005824277	0.00109646979304848	0.0950509745556721	0.0275000818026909	0.0387077844577934	0.0934952008129186	0.029077411655789	0.0359479637407909	0.257637683052852	0.251854424304167
"TCGA.EE.A29N.06A"	0.12877156711393	0.0656540669601095	0.106770320910549	0.0651271206576708	0.0996264081443251	0.0537550484560564	0.0647830284125063	0.0705484315054185	0.128482354308755	0.21648165353068
"TCGA.EE.A2MQ.06A"	0.250452062475835	0.0776423963167516	0.0605015446671755	0.0745084796541995	0.0668852829898511	0.109153800624282	0.173851760952922	0.107852836163832	0.0456569613328047	0.0334948748223462
"TCGA.FS.A1ZZ.06A"	0.0658304293090131	0.168642144294071	0.000737603007525132	0.0769547332596846	0.0773528471084217	0.109943729174746	0.238529112049508	0.236251185447702	0.0144258228996566	0.0113323934496728
"TCGA.D3.A2JD.06A"	0.128101626884265	0.0421531861389044	0.00449364927614718	0.0621469058634773	0.097846733577434	0.164770361222151	0.0228563712652888	0.0522273347411459	0.061214364207566	0.36418946682362
"TCGA.EE.A182.06A"	0.179267775635474	0.26417525325572	0.0941485776306659	0.154139271456458	0.134058261044052	0.105270104285174	2.29218829753862e-14	0.0288383668998386	0.0238969950620306	0.0162053947305637
"TCGA.EE.A2A6.06A"	0.0856427111838324	0.0661348048698043	0.113278487620593	0.02691814856702	0.0649686231768364	0.048006657049153	0.105206602007899	0.105236606492498	0.174906361821983	0.209700997210381
"TCGA.ER.A2NE.06A"	0.0383118776902884	0.138441151917038	0.0730570701404548	0.10045144112971	0.0554196316170047	0.126261905726859	0.246329425264634	0.207512846773615	0.00189306659285368	0.0123215831475432
"TCGA.GN.A9SD.06A"	0.078801085336433	0.0545635337768437	0.0716927193446558	0.0894378903181174	0.0721688434541251	0.216097542829903	0.0241241513803137	0.036535216159487	0.0684704545712321	0.288108562828889
"TCGA.XV.AAZY.01A"	0.0616859528102703	0.129972822867232	0.0293844717510389	0.0759822813215563	0.149306673898295	0.199692507699299	1.3686933015906e-10	0.0152561400253894	0.165789346675393	0.172929802814657
"TCGA.ER.A198.06A"	0.111029383211327	0.0300109812140159	0.180826460783613	0.0344187225814987	0.0404021577889081	0.0515188373618056	0.179176877112089	0.0786252310581995	0.225876534931832	0.0681148139567124
"TCGA.D9.A4Z6.06A"	0.0907129825422983	0.0949256988722631	0.0209391998492445	0.113928177765868	0.248297929087739	0.124085036688684	0.0474533952084659	0.24781826740605	0.00711096106580128	0.00472835151358473
"TCGA.ER.A2NF.06A"	0.0234542121383298	0.0561278462003497	0.00578539921830572	0.223163623497165	0.105315460389288	0.145269245345431	0.0577032455328754	0.141614825677951	0.117747363619196	0.123818778381109
"TCGA.FS.A1ZG.06A"	0.110606519431653	0.0170154198247308	0.012228406551387	0.0741178566868633	0.104475794752709	0.142880069301044	0.297820914379136	0.21943918126475	0.00692704917804855	0.0144887886296773
"TCGA.FW.A3I3.06A"	0.0169283527447257	0.240616187198237	0.0153658222744751	0.110835351370039	0.182427420079916	0.0741486473966096	0.105674854709298	0.24715248742011	0.0024856182496284	0.00436525855696084
"TCGA.EB.A4OY.01A"	0.0530301310573932	0.13337571428876	0.00605423987218013	0.247365009467035	0.326496437440653	0.0673573347126236	4.0452331049578e-14	0.137079115268577	0.0071872938671373	0.0220547240256003
"TCGA.EB.A5KH.06A"	0.137792907424195	0.0317193842456363	4.17295406545239e-14	0.0226552924850113	0.405284274142285	0.127160007819671	0.00437730511724394	0.244228327707868	0.000937009484722789	0.0258454915733245
"TCGA.EB.A85J.01A"	0.014065198744384	0.0973885813523809	0.105641258466492	0.150719667416994	0.0716569225365083	0.0422528575785698	0.00439866409307135	0.108024565316322	0.235492600900601	0.170359683594676
"TCGA.D3.A1QA.07A"	0.075888582631099	0.101597304631013	0.0385711838419527	0.0603257117992605	0.0908038711849548	0.0879438328581492	0.228995944039708	0.179370642509764	0.0819597080295822	0.0545432184745156
"TCGA.EE.A29V.06A"	0.144229557552086	0.306551353539035	0.0967382236378432	0.0669637133104364	0.112819571525456	0.103934149947944	0.0842371395212637	0.0649742717537993	0.00476539014154947	0.0147866290705864
"TCGA.EE.A2GT.06A"	0.1041702080565	0.0542365682814708	0.0290543019344228	0.0470261812308135	0.0990146830191347	0.128541003364016	0.036411021143794	0.0591414319851374	0.102709239107793	0.339695361876918
"TCGA.GN.A268.06A"	0.0659802100638175	0.0607819118096106	0.016821560779996	0.0584619254506717	0.132579997302099	0.0456212152507574	0.321439301436223	0.288948558599438	0.00596124816125783	0.00340407114612931
"TCGA.EE.A3AH.06A"	0.12582967453439	0.0549220884702612	0.0191110921204869	0.144320336423264	0.0984894650893008	0.246194401067381	0.113036150060884	0.184698241324027	0.00473812028983773	0.00866043062016708
"TCGA.EB.A6L9.06A"	0.0610850923391681	0.0290068931818249	0.0174299339517842	0.0469017644031704	0.0704329307442585	0.137823065291622	0.000843242569376426	0.0210270125460065	0.174351476517975	0.441098588454814
"TCGA.EE.A2M5.06A"	0.224191565206998	0.293384005402204	0.144636616218768	0.0364621503357962	0.0320756662066732	0.0373082560714409	0.0797324430279214	0.040529683899078	0.0993350554289537	0.0123445582021668
"TCGA.D3.A1Q3.06A"	0.15697416148916	0.0173928587595258	0.0307910092792459	0.0183389053784463	0.0913380288392962	0.0960714295020137	0.16462940849492	0.0806492893810034	0.1043578702895	0.239457038586889
"TCGA.WE.A8ZT.06A"	0.0475069791097138	0.0060834329812285	0.00601838455124786	0.0965273849749974	0.0600002931805769	0.219724565112496	0.177673591757866	0.349977308098126	0.00252892255685191	0.0339591376768955
"TCGA.D9.A1JW.06A"	0.106351686823211	0.0696396313622344	0.10468197458623	0.0268070233902389	0.0876961568696371	0.0216957861568549	0.0653246884012347	0.0311756315965543	0.262316120846104	0.224311299967701
"TCGA.EE.A2MC.06A"	0.190689547264714	0.109919698029827	0.16572976818302	0.0220036296772609	0.0566624678820614	0.0829814284949377	0.0475366086669931	0.0493909839959024	0.169894595071951	0.105191272733332
"TCGA.BF.A3DL.01A"	0.220048551434322	0.22700246658211	0.0638924013715987	0.0863649054207042	0.137926498267819	0.081554875068748	0.0507477883999951	0.109174690262854	0.0172164923803974	0.00607133081145168
"TCGA.EE.A29A.06A"	0.238298443638324	0.0656477942538597	0.0106040797229546	0.0657654103323883	0.135197916787684	0.179917415633472	0.117759508305869	0.180245616711393	0.00229137519258957	0.00427243942146546
"TCGA.FR.A728.01A"	0.111998957191796	0.148824071450448	0.22044280041995	0.048995144514581	0.0719535733644346	0.01463861711979	0.000399653814394559	0.0678827949950063	0.239518125089792	0.0753462620398078
"TCGA.D3.A2JG.06A"	0.213917762503719	0.162945747473559	0.0651408178728148	0.0580981557664196	0.167263281603859	0.128470865318137	0.0505654944871884	0.140055342975692	0.000483927683003056	0.0130586043156091
"TCGA.W3.AA1W.06A"	0.078208009132003	0.0147789881646567	0.128524775057438	0.028825805085875	0.0492404901593696	0.0251298539912932	0.0419455307799982	0.0621102647090473	0.319930015379054	0.251306267541264
"TCGA.EB.A6QY.01A"	0.044839843104261	0.385211509734347	0.000705497414519373	0.0955171039203545	0.105177181560528	0.0510503849482382	0.127005806310473	0.175709500588902	0.000374235152337608	0.0144089372660391
"TCGA.BF.A3DN.01A"	0.259317406242331	0.0626437683482548	0.0203178671862357	0.0171392499976794	0.0981283712455861	0.255463523477213	0.187640615573143	0.0869659768103986	0.00302391335589837	0.00935930776326099
"TCGA.D3.A2JC.06A"	0.139423438922354	0.0796410753798725	0.151320201802552	0.0597284852648367	0.0888917967999748	0.0508505978456656	0.0722379275624327	0.0910877567043042	0.206598991284216	0.0602197284337921
"TCGA.FS.A1ZM.06A"	0.230215156362969	0.081616601877737	0.11417574967216	0.0523226494362988	0.0604402932721081	0.105586845379654	0.078559182144427	0.0859903760815235	0.13225122822918	0.0588419175439434
"TCGA.QB.A6FS.06A"	0.0745923147455383	0.0403180740469917	0.101780926542571	0.104995059655926	0.0638812038204379	0.0502272210273725	0.0184229097112006	0.0282418048141012	0.240081093237209	0.277459392398652
"TCGA.EE.A2A5.06A"	0.195954238357645	0.000222297416740881	0.0211492525329934	0.0659481382627942	0.151806640124272	0.249859123980679	0.102994640933524	0.203125180132872	1.42014969880405e-14	0.00894048825846522
"TCGA.DA.A1I8.06A"	0.139787939439939	0.125501231229162	0.112508613051155	0.105905320605206	0.147534530203222	0.109333350725527	0.0607307856807774	0.17233159440431	0.0142879104853125	0.0120787241753887
"TCGA.DA.A1I7.06A"	0.284803772420729	0.10534129140503	0.0195726270509223	0.269154043837994	0.120420538835644	0.0496621715241493	0.085938227573856	0.045519620489915	0.0181248964616499	0.00146281040011068
"TCGA.D3.A3CB.06A"	0.126701531311526	0.0330803412467366	0.117648366752288	0.0287923107410177	0.083719901102957	0.0601255336364114	0.00363646168818113	0.0293750129699598	0.237906106623266	0.279014433927657
"TCGA.D9.A4Z2.01A"	0.104556979570713	0.0673817971485556	0.0276336344071027	0.227373628831114	0.0909866815535324	0.117761225083335	0.106706268487799	0.228744332539997	0.00221778706243137	0.0266376653154184
"TCGA.WE.AA9Y.06A"	0.306804137609291	0.0215586802409577	0.0436001763122024	0.0246487569427888	0.133353891008865	0.230754386324618	0.0247416870616124	0.0619254478116258	0.0142888277633579	0.138324008924681
"TCGA.DA.A3F5.06A"	0.179898631898834	0.217597363140035	0.157727675715773	0.0354095966057609	0.122925599297936	0.0285027661983705	0.113666171237474	0.134496643614262	0.00884953406672681	0.000926018224827611
"TCGA.EE.A2GL.06A"	0.0872107670398931	0.041555329770006	0.020256623154417	0.0422920507504938	0.105667095124783	0.126553716121759	0.0726541375005232	0.0917233105138497	0.0986147709091545	0.313472199115121
"TCGA.DA.A1HV.06A"	0.042707104571292	0.119727895823343	0.140021049945579	0.138274851119941	0.0506087207615093	0.0393625375972242	0.0374417106589072	0.0867822794507769	0.208931141212439	0.136142708858989
"TCGA.D3.A51F.06A"	0.184754497640564	0.0279721866420599	0.144757105238122	0.0465221832914025	0.0450922805477939	0.0641099481635817	0.00821316266810295	0.052209562626352	0.21558582085798	0.210783252324041
"TCGA.ER.A19Q.06A"	0.208896171311588	0.0550539757904768	0.210484227448196	0.0970766334669195	0.0483261863504818	0.0442510338006633	0.0394679148479116	0.0142503834554832	0.194769363109421	0.0874241104188592
"TCGA.FR.A8YE.06A"	0.0977639940120528	0.0218726307364617	0.0997230428776585	0.0955618808759659	0.0702984080300244	0.164172846153241	0.0333089575009716	0.0846642800149362	0.0705515308545753	0.262082428944112
"TCGA.D3.A5GR.06A"	0.161559628491632	0.0807318665805437	0.0812894179356148	0.0245056315050705	0.0609012947219188	0.127483777847883	0.0507472328478703	0.0701126652558292	0.101266326828999	0.241402157984639
"TCGA.BF.AAP4.01A"	0.128558174385631	0.127403452618491	0.0699302385458263	0.0936976339613935	0.0936517428750352	0.0720926033996705	0.0381854400768215	0.0697390504123992	0.245519138666358	0.061222525058374
"TCGA.W3.AA1Q.06A"	0.0863747055935158	0.0621925160637047	0.0368216856398342	0.0536463505878167	0.16754105091962	0.164216382530837	0.00367808874978056	0.145829256870819	0.115760115383522	0.16393984766055
"TCGA.3N.A9WB.06A"	0.0510056006250475	0.233651638860987	2.40091186824414e-14	0.0929420422511237	0.201749679283598	0.0577077214641028	0.106204084110618	0.251724556961578	0.00101543397027899	0.00399924247264277
"TCGA.D9.A6EG.06A"	0.158337144243413	0.0303010896777769	0.00985595834342099	0.176253807181419	0.143784766634075	0.0698111011989102	0.165930170907512	0.231447191571109	0.00875272312980571	0.00552604711255815
"TCGA.EE.A2MJ.06A"	0.0607508991851055	0.0305865707881142	0.0766882893469929	0.0665108315217703	0.0591618219022968	0.135778693710239	0.0328145912805011	0.0529481069538301	0.210024401316874	0.274735793994276
"TCGA.D3.A8GK.06A"	0.0952880460786898	0.179032886316359	0.0166588823409316	0.0781071898134134	0.287349584256653	0.0413148180168619	0.0461561330637391	0.24927284623291	2.84623968147033e-10	0.00681961359581892
"TCGA.BF.A3DM.01A"	0.121974898069944	0.0997440100291326	0.00704499309112346	0.135203001118667	0.186845963113732	0.0894433828528097	0.152588524979699	0.185514396706908	0.0153585806723197	0.00628224936566442
"TCGA.EE.A2MR.06A"	0.177441080252205	0.0228089008108232	0.086800370438416	0.0252427485588628	0.0844580872989732	0.0859519273071642	0.0575609195738776	0.0823013990156744	0.125471714272929	0.251962852471074
"TCGA.FS.A1ZQ.06A"	0.0829136678036507	0.137956115434323	0.0489411501376883	0.0859091880777502	0.215199116967665	0.0762489587183508	0.114108209780846	0.196553694705909	0.0116528110699439	0.030517087303874
"TCGA.EB.A24C.01A"	0.207786985466827	0.203622868675889	0.00377773189316378	0.0328924496822678	0.0576128738445278	0.0861036672999131	0.237905905828602	0.166245274755048	0.000321731107555066	0.0037305114462069
"TCGA.RP.A693.06A"	0.123888031875996	0.0207037413240288	0.139470315789051	0.0750513625560181	0.051691660331195	0.154602052697295	0.0656946524969317	0.0943985609838186	0.157313960243273	0.117185661702393
"TCGA.EE.A3JE.06A"	0.191138967132652	0.0113943325154795	0.0989574369063121	0.0342579037241259	0.0275606066613638	0.160480258252469	0.0184737072752066	0.0388163434312565	0.197929060976825	0.22099138312431
"TCGA.W3.AA1V.06B"	0.16051905066622	0.073467851535087	0.105168643223648	0.307629199994647	0.0161372033824817	0.0562265700266492	0.107625104522457	0.075034029909096	0.082142965450225	0.0160493812894897
"TCGA.EB.A3XC.01A"	0.125799290926817	0.345145501903656	0.0488992862545683	0.0876360122789879	0.0907139317376472	0.0744980589496572	0.100299275831662	0.0778538418763136	0.0159220430633509	0.0332327571773394
"TCGA.FR.A7UA.06A"	0.0820488082632584	0.0153935185996804	0.135839169620117	0.0956484390231841	0.0308647457555371	0.0187690077647837	0.0110404154793019	0.0571696614793488	0.287548256977957	0.265677977036831
"TCGA.FS.A1ZK.06A"	0.055509523184513	0.0815568887869055	1.03658284031236e-14	0.15778973695995	0.241619735389399	0.0588751553748716	0.125093316027585	0.274243834901015	0.000323728057102887	0.00498808131864806
"TCGA.D3.A51T.06A"	0.127567890376342	0.140900696377646	0.0879149810803493	0.0628816016451734	0.0684677846759525	0.0500580998530098	0.156400125164266	0.105184914681376	0.0964047601522179	0.104219145993667
"TCGA.FS.A1Z0.06A"	0.137404246831185	0.0149590421101884	0.0930957676838283	0.0533982804983572	0.0516468298827836	0.114210874754643	0.105875128719463	0.0971784580001643	0.215068374862195	0.117162996657192
"TCGA.RP.A6K9.06A"	0.0542044103852081	0.0233832113036565	0.0769466297602488	0.110562783931393	0.132691570437774	0.255632587446061	0.0722740104280633	0.104916801171928	0.112685072492773	0.0567029226428942
"TCGA.EE.A20H.06A"	0.0691391483944351	0.15102386889647	0.00400287838126622	0.0963637742666902	0.198232147579343	0.0779103700299362	0.143964866533907	0.253284473930286	0.0018585843432511	0.00421988764441497
"TCGA.WE.AAA4.06A"	0.139191470181501	0.0405994201604601	0.253875861564367	0.0435738685337789	0.0179463517624119	0.0382305204571505	0.0120391227671723	0.00154820058497874	0.333738854968142	0.119256329020037
"TCGA.W3.A828.06A"	0.157328989073277	0.0551080236367908	0.105982658090458	0.189065796877754	0.093835786935054	0.244673719209047	0.0456476987107874	0.0948686933715548	0.002779582153892	0.0107090519413846
"TCGA.D3.A3C6.06A"	0.186677871122465	0.0909057939164227	0.00912091110069868	0.0896798107586384	0.106409710306488	0.170630165855105	0.188494138696428	0.124426636992972	0.0320776810625493	0.00157728018823351
"TCGA.D3.A2JP.06A"	0.126531109622406	0.0683949596302443	0.0850372255243627	0.11187923147848	0.101412686987615	0.180069815526357	0.0024365799611288	0.0412224061884422	0.175126886880892	0.107889098200071
"TCGA.D3.A1Q4.06A"	0.274681284837528	0.0179300014136643	0.0402572917733388	0.0358964318676711	0.115207090802133	0.295820241680454	0.0853607816670495	0.0956342679535822	0.0066294576885207	0.0325831503160592
"TCGA.FS.A1ZN.01A"	0.0922758471868862	0.294704333164564	0.0296508530685749	0.0448559104685646	0.0516183050794247	0.103142505793021	0.198680113375103	0.184202767713255	1.3259418002193e-14	0.000869364150592547
"TCGA.RP.A694.06A"	0.0554245568252982	0.0424325158722267	0.0841270659358089	0.0812037479159012	0.0653498463712532	0.252478653441973	0.143255858334124	0.136069844900882	0.098061381180151	0.0415965292223823
"TCGA.W3.A825.06A"	0.115848634926283	0.068852980782986	0.100144849026482	0.12023662766808	0.209464499623518	0.112449941845507	0.0327225858305262	0.0977433560325174	0.0761938710738159	0.0663426531902842
"TCGA.FS.A4F2.06A"	0.0979942001294015	0.0772589967892087	0.149788292130083	0.319864556447419	0.091431693474077	0.0743071712950071	0.0633484050833536	0.109389215903635	0.00616271551168263	0.010454753236133
"TCGA.FS.A1YW.06A"	0.0230863419913589	0.0362257540178629	0.0182009357942772	0.0979351887312149	0.0650149292471333	0.221645243374252	0.221044243584409	0.258252255594953	0.00735004379414753	0.0512450638703914
"TCGA.DA.A3F8.06A"	0.13078672310571	0.0175832943377108	0.0960689566147805	0.0285887945124535	0.0384046298581656	0.072881837453638	0.0465381541439709	0.0398091269768324	0.28531694593183	0.244021537064908
"TCGA.DA.A95Z.06A"	0.0191338019246733	0.0656557059229131	2.88420584456492e-14	0.425110574426879	0.0750699205560106	0.0940927158780847	0.117677181662927	0.18868878274798	0.00730180293943026	0.00726951394107326
"TCGA.FS.A1Z3.06A"	0.119414068930766	0.0436176159287551	0.0317074274520746	0.0934819350652244	0.146541506542587	0.0973292560494833	0.200313277165811	0.256808472334147	0.000644396750102616	0.01014204378105
"TCGA.ER.A19E.06A"	0.175216615015607	0.127310355528054	0.0814672389613595	0.100038106076836	0.130776277196479	0.120582191432459	0.121144811660515	0.130870300296421	0.00561551501990888	0.00697858881236134
"TCGA.D3.A2J9.06A"	0.105992284322217	0.0203146366683793	0.0980065497186762	0.0396770242679954	0.0332772485054172	0.0908289293887897	0.0218019540432479	0.0344709424869437	0.243740972059274	0.31188945853906
"TCGA.EB.A6R0.01A"	0.0472934409618119	0.116661666349324	0.0775287759116584	0.0313910337892697	0.0927696036611516	0.0354781592766427	0.139753135526521	0.196212598849099	0.213868309259861	0.0490432764146603
